0000 0
0001 0
0002 0
0003 0
0004 0
0005 0
0006 0
0007 0
0008 0
0009 0
0010 0
0011 0
0012 0
0013 0
0014 0
0015 0
0016 0
0017 0
0018 0
0019 0
0020 0
0021 0
0022 0
0023 0
0024 0
0025 0
0026 0
0027 0
0028 0
0029 0
0030 0
0031 0
0032 0
0033 0
0034 0
0035 0
0036 1
0037 1
0038 1
0039 1
0040 1
0041 1
0042 1
0043 1
0044 1
0045 1
0046 1
0047 1
0048 1
0049 1
0050 1
0051 1
0052 1
0053 1
0054 1
0055 1
0056 1
0057 1
0058 1
0059 1
0060 1
0061 1
0062 1
0063 1
0064 1
0065 1
0066 1
0067 1
0068 1
0069 1
0070 1
0071 1
0072 1
0073 1
0074 1
0075 1
0076 1
0077 1
0078 1
0079 1
0080 1
0081 1
0082 1
0083 1
0084 1
0085 1
0086 1
0087 1
0088 1
0089 1
0090 1
0091 1
0092 1
0093 1
0094 1
0095 1
0096 1
0097 2
0098 2
0099 2
0100 2
0101 2
0102 2
0103 2
0104 2
0105 2
0106 2
0107 2
0108 2
0109 2
0110 2
0111 2
0112 2
0113 2
0114 2
0115 2
0116 2
0117 2
0118 2
0119 2
0120 2
0121 2
0122 2
0123 2
0124 2
0125 2
0126 2
0127 2
0128 2
0129 2
0130 2
0131 2
0132 2
0133 2
0134 2
0135 2
0136 2
0137 2
0138 2
0139 2
0140 2
0141 2
0142 2
0143 2
0144 3
0145 3
0146 3
0147 3
0148 3
0149 3
0150 3
0151 3
0152 3
0153 3
0154 3
0155 3
0156 3
0157 3
0158 3
0159 3
0160 3
0161 3
0162 3
0163 3
0164 3
0165 3
0166 3
0167 3
0168 3
0169 3
0170 3
0171 3
0172 3
0173 3
0174 3
0175 3
0176 3
0177 3
0178 3
0179 3
0180 3
0181 3
0182 3
0183 3
0184 3
0185 4
0186 4
0187 4
0188 4
0189 4
0190 4
0191 4
0192 4
0193 4
0194 4
0195 4
0196 4
0197 4
0198 4
0199 4
0200 4
0201 4
0202 4
0203 4
0204 4
0205 4
0206 4
0207 4
0208 4
0209 4
0210 4
0211 4
0212 4
0213 4
0214 4
0215 4
0216 4
0217 4
0218 4
0219 4
0220 4
0221 4
0222 4
0223 4
0224 4
0225 4
0226 4
0227 4
0228 4
0229 4
0230 4
0231 4
0232 4
0233 4
0234 4
0235 4
0236 4
0237 4
0238 5
0239 5
0240 5
0241 5
0242 5
0243 5
0244 5
0245 5
0246 5
0247 5
0248 5
0249 5
0250 5
0251 5
0252 5
0253 5
0254 5
0255 5
0256 5
0257 5
0258 5
0259 5
0260 5
0261 5
0262 5
0263 5
0264 5
0265 5
0266 5
0267 5
0268 5
0269 5
0270 5
0271 5
0272 5
0273 5
0274 5
0275 5
0276 5
0277 5
0278 5
0279 5
0280 5
0281 5
0282 5
0283 5
0284 5
0285 5
0286 5
0287 5
0288 5
0289 5
0290 5
0291 5
0292 5
0293 6
0294 6
0295 6
0296 6
0297 6
0298 6
0299 6
0300 6
0301 6
0302 6
0303 6
0304 6
0305 6
0306 6
0307 6
0308 6
0309 6
0310 6
0311 6
0312 6
0313 6
0314 6
0315 6
0316 6
0317 6
0318 6
0319 6
0320 6
0321 6
0322 6
0323 6
0324 6
0325 6
0326 6
0327 6
0328 6
0329 6
0330 6
0331 6
0332 6
0333 6
0334 6
0335 6
0336 7
0337 7
0338 7
0339 7
0340 7
0341 7
0342 7
0343 7
0344 7
0345 7
0346 7
0347 7
0348 7
0349 7
0350 7
0351 7
0352 7
0353 7
0354 7
0355 7
0356 7
0357 7
0358 7
0359 7
0360 7
0361 7
0362 7
0363 7
0364 7
0365 7
0366 7
0367 7
0368 7
0369 7
0370 7
0371 7
0372 7
0373 7
0374 7
0375 7
0376 8
0377 8
0378 8
0379 8
0380 8
0381 8
0382 8
0383 8
0384 8
0385 8
0386 8
0387 8
0388 8
0389 8
0390 8
0391 8
0392 8
0393 8
0394 8
0395 8
0396 8
0397 8
0398 8
0399 8
0400 8
0401 8
0402 8
0403 8
0404 8
0405 8
0406 8
0407 8
0408 8
0409 8
0410 8
0411 8
0412 8
0413 8
0414 8
0415 8
0416 8
0417 8
0418 8
0419 8
0420 8
0421 8
0422 8
0423 8
0424 8
0425 8
0426 8
0427 8
0428 9
0429 9
0430 9
0431 9
0432 9
0433 9
0434 9
0435 9
0436 9
0437 9
0438 9
0439 9
0440 9
0441 9
0442 9
0443 9
0444 9
0445 9
0446 9
0447 9
0448 9
0449 9
0450 9
0451 9
0452 9
0453 9
0454 9
0455 9
0456 9
0457 9
0458 9
0459 9
0460 9
0461 9
0462 9
0463 9
0464 9
0465 9
0466 9
0467 9
0468 9
0469 9
0470 9
0471 9
0472 9
0473 9
0474 9
0475 9
0476 9
0477 9
0478 9
0479 9
0480 9
0481 10
0482 10
0483 10
0484 10
0485 10
0486 10
0487 10
0488 10
0489 10
0490 10
0491 10
0492 10
0493 10
0494 10
0495 10
0496 10
0497 10
0498 10
0499 10
0500 10
0501 10
0502 10
0503 10
0504 10
0505 10
0506 10
0507 10
0508 10
0509 10
0510 10
0511 10
0512 10
0513 10
0514 10
0515 10
0516 10
0517 10
0518 10
0519 10
0520 10
0521 10
0522 10
0523 10
0524 10
0525 10
0526 10
0527 10
0528 10
0529 10
0530 10
0531 10
0532 11
0533 11
0534 11
0535 11
0536 11
0537 11
0538 11
0539 11
0540 11
0541 11
0542 11
0543 11
0544 11
0545 11
0546 11
0547 11
0548 11
0549 11
0550 11
0551 11
0552 11
0553 11
0554 11
0555 11
0556 11
0557 11
0558 11
0559 11
0560 11
0561 11
0562 11
0563 11
0564 11
0565 11
0566 11
0567 11
0568 11
0569 11
0570 11
0571 11
0572 11
0573 11
0574 11
0575 11
0576 11
0577 11
0578 11
0579 11
0580 11
0581 11
0582 11
0583 11
0584 11
0585 11
0586 11
0587 11
0588 11
0589 11
0590 11
0591 11
0592 11
0593 11
0594 11
0595 11
0596 12
0597 12
0598 12
0599 12
0600 12
0601 12
0602 12
0603 12
0604 12
0605 12
0606 12
0607 12
0608 12
0609 12
0610 12
0611 12
0612 12
0613 12
0614 12
0615 12
0616 12
0617 12
0618 12
0619 12
0620 12
0621 12
0622 12
0623 12
0624 12
0625 12
0626 12
0627 12
0628 12
0629 13
0630 13
0631 13
0632 13
0633 13
0634 13
0635 13
0636 13
0637 13
0638 13
0639 13
0640 13
0641 13
0642 13
0643 13
0644 13
0645 13
0646 13
0647 13
0648 13
0649 13
0650 13
0651 13
0652 13
0653 13
0654 13
0655 13
0656 13
0657 13
0658 13
0659 13
0660 13
0661 13
0662 13
0663 13
0664 13
0665 13
0666 13
0667 13
0668 13
0669 13
0670 13
0671 13
0672 13
0673 13
0674 13
0675 13
0676 13
0677 13
0678 13
0679 13
0680 13
0681 13
0682 13
0683 13
0684 13
0685 13
0686 13
0687 13
0688 14
0689 14
0690 14
0691 14
0692 14
0693 14
0694 14
0695 14
0696 14
0697 14
0698 14
0699 14
0700 14
0701 14
0702 14
0703 14
0704 14
0705 14
0706 14
0707 14
0708 14
0709 14
0710 14
0711 14
0712 14
0713 14
0714 14
0715 14
0716 14
0717 14
0718 14
0719 14
0720 14
0721 14
0722 14
0723 14
0724 14
0725 14
0726 14
0727 14
0728 14
0729 14
0730 14
0731 14
0732 14
0733 14
0734 15
0735 15
0736 15
0737 15
0738 15
0739 15
0740 15
0741 15
0742 15
0743 15
0744 15
0745 15
0746 15
0747 15
0748 15
0749 15
0750 15
0751 15
0752 15
0753 15
0754 15
0755 15
0756 15
0757 15
0758 15
0759 15
0760 15
0761 15
0762 15
0763 15
0764 15
0765 15
0766 15
0767 15
0768 15
0769 15
0770 15
0771 15
0772 15
0773 15
0774 15
0775 15
0776 15
0777 15
0778 15
0779 0
0780 0
0781 0
0782 0
0783 0
0784 0
0785 0
0786 0
0787 0
0788 0
0789 0
0790 0
0791 0
0792 0
0793 0
0794 0
0795 0
0796 0
0797 0
0798 0
0799 0
0800 0
0801 0
0802 0
0803 0
0804 0
0805 0
0806 0
0807 0
0808 0
0809 0
0810 0
0811 0
0812 0
0813 0
0814 0
0815 0
0816 1
0817 1
0818 1
0819 1
0820 1
0821 1
0822 1
0823 1
0824 1
0825 1
0826 1
0827 1
0828 1
0829 1
0830 1
0831 1
0832 1
0833 1
0834 1
0835 1
0836 1
0837 1
0838 1
0839 1
0840 1
0841 1
0842 1
0843 1
0844 1
0845 1
0846 1
0847 1
0848 1
0849 1
0850 1
0851 1
0852 1
0853 1
0854 1
0855 1
0856 1
0857 1
0858 1
0859 1
0860 1
0861 1
0862 1
0863 1
0864 1
0865 2
0866 2
0867 2
0868 2
0869 2
0870 2
0871 2
0872 2
0873 2
0874 2
0875 2
0876 2
0877 2
0878 2
0879 2
0880 2
0881 2
0882 2
0883 2
0884 2
0885 2
0886 2
0887 2
0888 2
0889 2
0890 2
0891 2
0892 2
0893 2
0894 2
0895 2
0896 2
0897 2
0898 2
0899 2
0900 2
0901 2
0902 2
0903 2
0904 2
0905 3
0906 3
0907 3
0908 3
0909 3
0910 3
0911 3
0912 3
0913 3
0914 3
0915 3
0916 3
0917 3
0918 3
0919 3
0920 3
0921 3
0922 3
0923 3
0924 3
0925 3
0926 3
0927 3
0928 3
0929 3
0930 3
0931 3
0932 3
0933 3
0934 3
0935 3
0936 3
0937 3
0938 3
0939 3
0940 3
0941 3
0942 4
0943 4
0944 4
0945 4
0946 4
0947 4
0948 4
0949 4
0950 4
0951 4
0952 4
0953 4
0954 4
0955 4
0956 4
0957 4
0958 4
0959 4
0960 4
0961 4
0962 4
0963 4
0964 4
0965 4
0966 4
0967 4
0968 4
0969 4
0970 4
0971 4
0972 4
0973 4
0974 4
0975 4
0976 4
0977 4
0978 4
0979 4
0980 4
0981 4
0982 4
0983 4
0984 4
0985 4
0986 4
0987 4
0988 4
0989 4
0990 4
0991 5
0992 5
0993 5
0994 5
0995 5
0996 5
0997 5
0998 5
0999 5
1000 5
1001 5
1002 5
1003 5
1004 5
1005 5
1006 5
1007 5
1008 5
1009 5
1010 5
1011 5
1012 5
1013 5
1014 5
1015 5
1016 5
1017 5
1018 5
1019 5
1020 5
1021 5
1022 5
1023 5
1024 5
1025 5
1026 5
1027 5
1028 5
1029 5
1030 5
1031 5
1032 5
1033 5
1034 5
1035 5
1036 5
1037 5
1038 5
1039 5
1040 5
1041 5
1042 5
1043 5
1044 5
1045 5
1046 5
1047 5
1048 5
1049 5
1050 5
1051 5
1052 5
1053 5
1054 5
1055 5
1056 5
1057 5
1058 5
1059 5
1060 5
1061 5
1062 5
1063 5
1064 5
1065 5
1066 5
1067 6
1068 6
1069 6
1070 6
1071 6
1072 6
1073 6
1074 6
1075 6
1076 6
1077 6
1078 6
1079 6
1080 6
1081 6
1082 6
1083 6
1084 6
1085 6
1086 6
1087 6
1088 6
1089 6
1090 6
1091 6
1092 6
1093 6
1094 6
1095 6
1096 6
1097 6
1098 6
1099 6
1100 6
1101 6
1102 6
1103 6
1104 7
1105 7
1106 7
1107 7
1108 7
1109 7
1110 7
1111 7
1112 7
1113 7
1114 7
1115 7
1116 7
1117 7
1118 7
1119 7
1120 7
1121 7
1122 7
1123 7
1124 7
1125 7
1126 7
1127 7
1128 7
1129 7
1130 7
1131 7
1132 7
1133 7
1134 7
1135 7
1136 7
1137 7
1138 7
1139 7
1140 7
1141 7
1142 8
1143 8
1144 8
1145 8
1146 8
1147 8
1148 8
1149 8
1150 8
1151 8
1152 8
1153 8
1154 8
1155 8
1156 8
1157 8
1158 8
1159 8
1160 8
1161 8
1162 8
1163 8
1164 8
1165 8
1166 8
1167 8
1168 8
1169 8
1170 8
1171 8
1172 8
1173 8
1174 8
1175 8
1176 8
1177 8
1178 8
1179 8
1180 8
1181 8
1182 8
1183 8
1184 8
1185 8
1186 8
1187 8
1188 8
1189 8
1190 8
1191 8
1192 8
1193 8
1194 8
1195 8
1196 8
1197 9
1198 9
1199 9
1200 9
1201 9
1202 9
1203 9
1204 9
1205 9
1206 9
1207 9
1208 9
1209 9
1210 9
1211 9
1212 9
1213 9
1214 9
1215 9
1216 9
1217 9
1218 9
1219 9
1220 9
1221 9
1222 9
1223 9
1224 9
1225 9
1226 9
1227 9
1228 9
1229 9
1230 9
1231 9
1232 9
1233 9
1234 9
1235 9
1236 9
1237 9
1238 9
1239 9
1240 10
1241 10
1242 10
1243 10
1244 10
1245 10
1246 10
1247 10
1248 10
1249 10
1250 10
1251 10
1252 10
1253 10
1254 10
1255 10
1256 10
1257 10
1258 10
1259 10
1260 10
1261 10
1262 10
1263 10
1264 10
1265 10
1266 10
1267 10
1268 10
1269 10
1270 10
1271 10
1272 10
1273 10
1274 10
1275 10
1276 10
1277 10
1278 10
1279 10
1280 10
1281 10
1282 10
1283 10
1284 11
1285 11
1286 11
1287 11
1288 11
1289 11
1290 11
1291 11
1292 11
1293 11
1294 11
1295 11
1296 11
1297 11
1298 11
1299 11
1300 11
1301 11
1302 11
1303 11
1304 11
1305 11
1306 11
1307 11
1308 11
1309 11
1310 11
1311 11
1312 11
1313 11
1314 11
1315 11
1316 11
1317 11
1318 11
1319 11
1320 11
1321 11
1322 11
1323 11
1324 11
1325 11
1326 11
1327 11
1328 11
1329 11
1330 11
1331 11
1332 11
1333 11
1334 11
1335 11
1336 11
1337 11
1338 11
1339 11
1340 11
1341 11
1342 11
1343 11
1344 11
1345 11
1346 11
1347 11
1348 11
1349 11
1350 11
1351 11
1352 11
1353 11
1354 11
1355 12
1356 12
1357 12
1358 12
1359 12
1360 12
1361 12
1362 12
1363 12
1364 12
1365 12
1366 12
1367 12
1368 12
1369 12
1370 12
1371 12
1372 12
1373 12
1374 12
1375 12
1376 12
1377 12
1378 12
1379 12
1380 12
1381 12
1382 12
1383 12
1384 12
1385 12
1386 12
1387 12
1388 12
1389 12
1390 12
1391 12
1392 12
1393 12
1394 12
1395 12
1396 12
1397 12
1398 12
1399 12
1400 13
1401 13
1402 13
1403 13
1404 13
1405 13
1406 13
1407 13
1408 13
1409 13
1410 13
1411 13
1412 13
1413 13
1414 13
1415 13
1416 13
1417 13
1418 13
1419 13
1420 13
1421 13
1422 13
1423 13
1424 13
1425 13
1426 13
1427 13
1428 13
1429 13
1430 13
1431 13
1432 13
1433 13
1434 13
1435 13
1436 13
1437 13
1438 13
1439 13
1440 13
1441 13
1442 13
1443 13
1444 13
1445 13
1446 13
1447 13
1448 13
1449 13
1450 13
1451 13
1452 13
1453 13
1454 14
1455 14
1456 14
1457 14
1458 14
1459 14
1460 14
1461 14
1462 14
1463 14
1464 14
1465 14
1466 14
1467 14
1468 14
1469 14
1470 14
1471 14
1472 14
1473 14
1474 14
1475 14
1476 14
1477 14
1478 14
1479 14
1480 14
1481 14
1482 14
1483 14
1484 14
1485 14
1486 14
1487 14
1488 14
1489 14
1490 14
1491 14
1492 14
1493 14
1494 14
1495 14
1496 14
1497 14
1498 14
1499 14
1500 15
1501 15
1502 15
1503 15
1504 15
1505 15
1506 15
1507 15
1508 15
1509 15
1510 15
1511 15
1512 15
1513 15
1514 15
1515 15
1516 15
1517 15
1518 15
1519 15
1520 15
1521 15
1522 15
1523 15
1524 15
1525 15
1526 15
1527 15
1528 15
1529 15
1530 15
1531 15
1532 15
1533 15
1534 15
1535 15
1536 15
1537 15
1538 15
1539 15
1540 15
1541 15
1542 15
1543 15
1544 15
1545 15
1546 15
1547 15
1548 15
1549 15
1550 15
1551 15
1552 15
1553 15
1554 0
1555 0
1556 0
1557 0
1558 0
1559 0
1560 0
1561 0
1562 0
1563 0
1564 0
1565 0
1566 0
1567 0
1568 0
1569 0
1570 0
1571 0
1572 0
1573 0
1574 0
1575 0
1576 0
1577 0
1578 0
1579 0
1580 0
1581 0
1582 0
1583 0
1584 0
1585 0
1586 0
1587 0
1588 0
1589 1
1590 1
1591 1
1592 1
1593 1
1594 1
1595 1
1596 1
1597 1
1598 1
1599 1
1600 1
1601 1
1602 1
1603 1
1604 1
1605 1
1606 1
1607 1
1608 1
1609 1
1610 1
1611 1
1612 1
1613 1
1614 1
1615 1
1616 1
1617 1
1618 1
1619 1
1620 1
1621 1
1622 1
1623 1
1624 1
1625 1
1626 1
1627 1
1628 1
1629 1
1630 1
1631 1
1632 1
1633 1
1634 1
1635 1
1636 1
1637 1
1638 1
1639 1
1640 1
1641 1
1642 1
1643 1
1644 1
1645 1
1646 1
1647 1
1648 2
1649 2
1650 2
1651 2
1652 2
1653 2
1654 2
1655 2
1656 2
1657 2
1658 2
1659 2
1660 2
1661 2
1662 2
1663 2
1664 2
1665 2
1666 2
1667 2
1668 2
1669 2
1670 2
1671 2
1672 2
1673 2
1674 2
1675 2
1676 2
1677 2
1678 2
1679 2
1680 2
1681 2
1682 2
1683 2
1684 2
1685 2
1686 2
1687 3
1688 3
1689 3
1690 3
1691 3
1692 3
1693 3
1694 3
1695 3
1696 3
1697 3
1698 3
1699 3
1700 3
1701 3
1702 3
1703 3
1704 3
1705 3
1706 3
1707 3
1708 3
1709 3
1710 3
1711 3
1712 3
1713 3
1714 3
1715 3
1716 3
1717 3
1718 3
1719 3
1720 3
1721 3
1722 3
1723 3
1724 3
1725 3
1726 3
1727 3
1728 3
1729 3
1730 3
1731 4
1732 4
1733 4
1734 4
1735 4
1736 4
1737 4
1738 4
1739 4
1740 4
1741 4
1742 4
1743 4
1744 4
1745 4
1746 4
1747 4
1748 4
1749 4
1750 4
1751 4
1752 4
1753 4
1754 4
1755 4
1756 4
1757 4
1758 4
1759 4
1760 4
1761 4
1762 4
1763 4
1764 4
1765 4
1766 4
1767 4
1768 4
1769 4
1770 4
1771 4
1772 4
1773 4
1774 4
1775 4
1776 4
1777 4
1778 4
1779 4
1780 5
1781 5
1782 5
1783 5
1784 5
1785 5
1786 5
1787 5
1788 5
1789 5
1790 5
1791 5
1792 5
1793 5
1794 5
1795 5
1796 5
1797 5
1798 5
1799 5
1800 5
1801 5
1802 5
1803 5
1804 5
1805 5
1806 5
1807 5
1808 5
1809 5
1810 5
1811 5
1812 5
1813 5
1814 5
1815 5
1816 5
1817 5
1818 5
1819 5
1820 5
1821 5
1822 5
1823 5
1824 5
1825 5
1826 5
1827 5
1828 5
1829 5
1830 5
1831 5
1832 5
1833 5
1834 5
1835 5
1836 5
1837 5
1838 5
1839 5
1840 5
1841 5
1842 5
1843 5
1844 6
1845 6
1846 6
1847 6
1848 6
1849 6
1850 6
1851 6
1852 6
1853 6
1854 6
1855 6
1856 6
1857 6
1858 6
1859 6
1860 6
1861 6
1862 6
1863 6
1864 6
1865 6
1866 6
1867 6
1868 6
1869 6
1870 6
1871 6
1872 6
1873 6
1874 6
1875 6
1876 6
1877 6
1878 6
1879 6
1880 6
1881 6
1882 7
1883 7
1884 7
1885 7
1886 7
1887 7
1888 7
1889 7
1890 7
1891 7
1892 7
1893 7
1894 7
1895 7
1896 7
1897 7
1898 7
1899 7
1900 7
1901 7
1902 7
1903 7
1904 7
1905 7
1906 7
1907 7
1908 7
1909 7
1910 7
1911 7
1912 7
1913 7
1914 7
1915 7
1916 7
1917 8
1918 8
1919 8
1920 8
1921 8
1922 8
1923 8
1924 8
1925 8
1926 8
1927 8
1928 8
1929 8
1930 8
1931 8
1932 8
1933 8
1934 8
1935 8
1936 8
1937 8
1938 8
1939 8
1940 8
1941 8
1942 8
1943 8
1944 8
1945 8
1946 8
1947 8
1948 8
1949 8
1950 8
1951 8
1952 8
1953 8
1954 8
1955 8
1956 8
1957 8
1958 8
1959 8
1960 8
1961 8
1962 8
1963 8
1964 8
1965 8
1966 8
1967 8
1968 8
1969 9
1970 9
1971 9
1972 9
1973 9
1974 9
1975 9
1976 9
1977 9
1978 9
1979 9
1980 9
1981 9
1982 9
1983 9
1984 9
1985 9
1986 9
1987 9
1988 9
1989 9
1990 9
1991 9
1992 9
1993 9
1994 9
1995 9
1996 9
1997 9
1998 9
1999 9
2000 9
2001 9
2002 9
2003 9
2004 9
2005 9
2006 9
2007 9
2008 9
2009 9
2010 9
2011 9
2012 9
2013 9
2014 9
2015 9
2016 9
2017 10
2018 10
2019 10
2020 10
2021 10
2022 10
2023 10
2024 10
2025 10
2026 10
2027 10
2028 10
2029 10
2030 10
2031 10
2032 10
2033 10
2034 10
2035 10
2036 10
2037 10
2038 10
2039 10
2040 10
2041 10
2042 10
2043 10
2044 10
2045 10
2046 10
2047 10
2048 10
2049 10
2050 10
2051 10
2052 10
2053 10
2054 10
2055 10
2056 10
2057 10
2058 10
2059 10
2060 10
2061 10
2062 10
2063 10
2064 10
2065 10
2066 10
2067 10
2068 10
2069 10
2070 10
2071 10
2072 10
2073 10
2074 10
2075 10
2076 11
2077 11
2078 11
2079 11
2080 11
2081 11
2082 11
2083 11
2084 11
2085 11
2086 11
2087 11
2088 11
2089 11
2090 11
2091 11
2092 11
2093 11
2094 11
2095 11
2096 11
2097 11
2098 11
2099 11
2100 11
2101 11
2102 11
2103 11
2104 11
2105 11
2106 11
2107 11
2108 11
2109 11
2110 11
2111 11
2112 11
2113 11
2114 11
2115 11
2116 11
2117 11
2118 11
2119 11
2120 11
2121 11
2122 11
2123 11
2124 11
2125 11
2126 11
2127 11
2128 11
2129 11
2130 11
2131 11
2132 11
2133 11
2134 11
2135 11
2136 11
2137 11
2138 11
2139 11
2140 11
2141 11
2142 11
2143 11
2144 11
2145 11
2146 12
2147 12
2148 12
2149 12
2150 12
2151 12
2152 12
2153 12
2154 12
2155 12
2156 12
2157 12
2158 12
2159 12
2160 12
2161 12
2162 12
2163 12
2164 12
2165 12
2166 12
2167 12
2168 12
2169 12
2170 12
2171 12
2172 12
2173 12
2174 12
2175 12
2176 12
2177 12
2178 12
2179 12
2180 12
2181 12
2182 12
2183 12
2184 12
2185 12
2186 12
2187 12
2188 12
2189 12
2190 12
2191 12
2192 12
2193 12
2194 12
2195 12
2196 13
2197 13
2198 13
2199 13
2200 13
2201 13
2202 13
2203 13
2204 13
2205 13
2206 13
2207 13
2208 13
2209 13
2210 13
2211 13
2212 13
2213 13
2214 13
2215 13
2216 13
2217 13
2218 13
2219 13
2220 13
2221 13
2222 13
2223 13
2224 13
2225 13
2226 13
2227 13
2228 13
2229 13
2230 13
2231 13
2232 13
2233 13
2234 13
2235 13
2236 13
2237 13
2238 13
2239 13
2240 13
2241 13
2242 13
2243 13
2244 13
2245 13
2246 13
2247 13
2248 13
2249 13
2250 13
2251 13
2252 13
2253 13
2254 13
2255 13
2256 13
2257 13
2258 13
2259 13
2260 13
2261 13
2262 14
2263 14
2264 14
2265 14
2266 14
2267 14
2268 14
2269 14
2270 14
2271 14
2272 14
2273 14
2274 14
2275 14
2276 14
2277 14
2278 14
2279 14
2280 14
2281 14
2282 14
2283 14
2284 14
2285 14
2286 14
2287 14
2288 14
2289 14
2290 14
2291 14
2292 14
2293 14
2294 14
2295 14
2296 14
2297 14
2298 14
2299 14
2300 14
2301 14
2302 14
2303 14
2304 14
2305 15
2306 15
2307 15
2308 15
2309 15
2310 15
2311 15
2312 15
2313 15
2314 15
2315 15
2316 15
2317 15
2318 15
2319 15
2320 15
2321 15
2322 15
2323 15
2324 15
2325 15
2326 15
2327 15
2328 15
2329 15
2330 15
2331 15
2332 15
2333 15
2334 15
2335 15
2336 15
2337 15
2338 15
2339 15
2340 15
2341 15
2342 15
2343 15
2344 15
2345 15
2346 15
2347 15
2348 15
2349 15
2350 15
2351 15
2352 15
2353 15
2354 15
2355 0
2356 0
2357 0
2358 0
2359 0
2360 0
2361 0
2362 0
2363 0
2364 0
2365 0
2366 0
2367 0
2368 0
2369 0
2370 0
2371 0
2372 0
2373 0
2374 0
2375 0
2376 0
2377 0
2378 0
2379 0
2380 0
2381 0
2382 0
2383 0
2384 0
2385 0
2386 0
2387 0
2388 0
2389 0
2390 0
2391 0
2392 0
2393 0
2394 1
2395 1
2396 1
2397 1
2398 1
2399 1
2400 1
2401 1
2402 1
2403 1
2404 1
2405 1
2406 1
2407 1
2408 1
2409 1
2410 1
2411 1
2412 1
2413 1
2414 1
2415 1
2416 1
2417 1
2418 1
2419 1
2420 1
2421 1
2422 1
2423 1
2424 1
2425 1
2426 1
2427 1
2428 1
2429 1
2430 1
2431 1
2432 1
2433 1
2434 1
2435 1
2436 1
2437 1
2438 1
2439 1
2440 1
2441 1
2442 1
2443 1
2444 1
2445 1
2446 2
2447 2
2448 2
2449 2
2450 2
2451 2
2452 2
2453 2
2454 2
2455 2
2456 2
2457 2
2458 2
2459 2
2460 2
2461 2
2462 2
2463 2
2464 2
2465 2
2466 2
2467 2
2468 2
2469 2
2470 2
2471 2
2472 2
2473 2
2474 2
2475 2
2476 2
2477 2
2478 2
2479 2
2480 2
2481 2
2482 2
2483 2
2484 2
2485 2
2486 2
2487 2
2488 2
2489 2
2490 2
2491 2
2492 2
2493 3
2494 3
2495 3
2496 3
2497 3
2498 3
2499 3
2500 3
2501 3
2502 3
2503 3
2504 3
2505 3
2506 3
2507 3
2508 3
2509 3
2510 3
2511 3
2512 3
2513 3
2514 3
2515 3
2516 3
2517 3
2518 3
2519 3
2520 3
2521 3
2522 3
2523 3
2524 3
2525 3
2526 3
2527 3
2528 3
2529 3
2530 3
2531 4
2532 4
2533 4
2534 4
2535 4
2536 4
2537 4
2538 4
2539 4
2540 4
2541 4
2542 4
2543 4
2544 4
2545 4
2546 4
2547 4
2548 4
2549 4
2550 4
2551 4
2552 4
2553 4
2554 4
2555 4
2556 4
2557 4
2558 4
2559 4
2560 4
2561 4
2562 4
2563 4
2564 4
2565 4
2566 4
2567 4
2568 4
2569 4
2570 4
2571 4
2572 4
2573 4
2574 4
2575 4
2576 4
2577 4
2578 4
2579 4
2580 4
2581 4
2582 4
2583 4
2584 5
2585 5
2586 5
2587 5
2588 5
2589 5
2590 5
2591 5
2592 5
2593 5
2594 5
2595 5
2596 5
2597 5
2598 5
2599 5
2600 5
2601 5
2602 5
2603 5
2604 5
2605 5
2606 5
2607 5
2608 5
2609 5
2610 5
2611 5
2612 5
2613 5
2614 5
2615 5
2616 5
2617 5
2618 5
2619 5
2620 5
2621 5
2622 5
2623 5
2624 5
2625 5
2626 5
2627 5
2628 5
2629 5
2630 5
2631 5
2632 5
2633 5
2634 5
2635 5
2636 5
2637 5
2638 5
2639 5
2640 5
2641 5
2642 5
2643 5
2644 5
2645 5
2646 5
2647 5
2648 5
2649 5
2650 6
2651 6
2652 6
2653 6
2654 6
2655 6
2656 6
2657 6
2658 6
2659 6
2660 6
2661 6
2662 6
2663 6
2664 6
2665 6
2666 6
2667 6
2668 6
2669 6
2670 6
2671 6
2672 6
2673 6
2674 6
2675 6
2676 6
2677 6
2678 6
2679 6
2680 6
2681 6
2682 6
2683 6
2684 6
2685 6
2686 6
2687 6
2688 7
2689 7
2690 7
2691 7
2692 7
2693 7
2694 7
2695 7
2696 7
2697 7
2698 7
2699 7
2700 7
2701 7
2702 7
2703 7
2704 7
2705 7
2706 7
2707 7
2708 7
2709 7
2710 7
2711 7
2712 7
2713 7
2714 7
2715 7
2716 7
2717 7
2718 7
2719 7
2720 7
2721 7
2722 7
2723 7
2724 7
2725 8
2726 8
2727 8
2728 8
2729 8
2730 8
2731 8
2732 8
2733 8
2734 8
2735 8
2736 8
2737 8
2738 8
2739 8
2740 8
2741 8
2742 8
2743 8
2744 8
2745 8
2746 8
2747 8
2748 8
2749 8
2750 8
2751 8
2752 8
2753 8
2754 8
2755 8
2756 8
2757 8
2758 8
2759 8
2760 8
2761 8
2762 8
2763 8
2764 8
2765 8
2766 8
2767 8
2768 8
2769 8
2770 8
2771 8
2772 8
2773 8
2774 8
2775 8
2776 8
2777 8
2778 8
2779 8
2780 9
2781 9
2782 9
2783 9
2784 9
2785 9
2786 9
2787 9
2788 9
2789 9
2790 9
2791 9
2792 9
2793 9
2794 9
2795 9
2796 9
2797 9
2798 9
2799 9
2800 9
2801 9
2802 9
2803 9
2804 9
2805 9
2806 9
2807 9
2808 9
2809 9
2810 9
2811 9
2812 9
2813 9
2814 9
2815 9
2816 9
2817 9
2818 9
2819 9
2820 9
2821 9
2822 9
2823 9
2824 9
2825 9
2826 9
2827 9
2828 9
2829 9
2830 9
2831 10
2832 10
2833 10
2834 10
2835 10
2836 10
2837 10
2838 10
2839 10
2840 10
2841 10
2842 10
2843 10
2844 10
2845 10
2846 10
2847 10
2848 10
2849 10
2850 10
2851 10
2852 10
2853 10
2854 10
2855 10
2856 10
2857 10
2858 10
2859 10
2860 10
2861 10
2862 10
2863 10
2864 10
2865 10
2866 10
2867 10
2868 10
2869 10
2870 10
2871 10
2872 10
2873 10
2874 10
2875 10
2876 10
2877 10
2878 10
2879 10
2880 11
2881 11
2882 11
2883 11
2884 11
2885 11
2886 11
2887 11
2888 11
2889 11
2890 11
2891 11
2892 11
2893 11
2894 11
2895 11
2896 11
2897 11
2898 11
2899 11
2900 11
2901 11
2902 11
2903 11
2904 11
2905 11
2906 11
2907 11
2908 11
2909 11
2910 11
2911 11
2912 11
2913 11
2914 11
2915 11
2916 11
2917 11
2918 11
2919 11
2920 11
2921 11
2922 11
2923 11
2924 11
2925 11
2926 11
2927 11
2928 11
2929 11
2930 11
2931 11
2932 11
2933 11
2934 11
2935 11
2936 11
2937 11
2938 11
2939 11
2940 11
2941 11
2942 11
2943 11
2944 11
2945 12
2946 12
2947 12
2948 12
2949 12
2950 12
2951 12
2952 12
2953 12
2954 12
2955 12
2956 12
2957 12
2958 12
2959 12
2960 12
2961 12
2962 12
2963 12
2964 12
2965 12
2966 12
2967 12
2968 12
2969 12
2970 12
2971 12
2972 12
2973 12
2974 12
2975 12
2976 12
2977 12
2978 12
2979 12
2980 12
2981 12
2982 12
2983 12
2984 12
2985 12
2986 12
2987 12
2988 12
2989 12
2990 12
2991 13
2992 13
2993 13
2994 13
2995 13
2996 13
2997 13
2998 13
2999 13
3000 13
3001 13
3002 13
3003 13
3004 13
3005 13
3006 13
3007 13
3008 13
3009 13
3010 13
3011 13
3012 13
3013 13
3014 13
3015 13
3016 13
3017 13
3018 13
3019 13
3020 13
3021 13
3022 13
3023 13
3024 13
3025 13
3026 13
3027 13
3028 13
3029 13
3030 13
3031 13
3032 13
3033 13
3034 13
3035 13
3036 13
3037 13
3038 13
3039 13
3040 13
3041 13
3042 13
3043 13
3044 13
3045 13
3046 13
3047 13
3048 13
3049 13
3050 14
3051 14
3052 14
3053 14
3054 14
3055 14
3056 14
3057 14
3058 14
3059 14
3060 14
3061 14
3062 14
3063 14
3064 14
3065 14
3066 14
3067 14
3068 14
3069 14
3070 14
3071 14
3072 14
3073 14
3074 14
3075 14
3076 14
3077 14
3078 14
3079 14
3080 14
3081 14
3082 14
3083 14
3084 14
3085 14
3086 14
3087 14
3088 14
3089 14
3090 14
3091 14
3092 14
3093 14
3094 14
3095 14
3096 14
3097 15
3098 15
3099 15
3100 15
3101 15
3102 15
3103 15
3104 15
3105 15
3106 15
3107 15
3108 15
3109 15
3110 15
3111 15
3112 15
3113 15
3114 15
3115 15
3116 15
3117 15
3118 15
3119 15
3120 15
3121 15
3122 15
3123 15
3124 15
3125 15
3126 15
3127 15
3128 15
3129 15
3130 15
3131 15
3132 15
3133 15
3134 15
3135 15
3136 15
3137 15
3138 15
3139 15
3140 15
3141 15
3142 15
3143 15
3144 15
3145 15
3146 15
3147 15
3148 15
3149 0
3150 0
3151 0
3152 0
3153 0
3154 0
3155 0
3156 0
3157 0
3158 0
3159 0
3160 0
3161 0
3162 0
3163 0
3164 0
3165 0
3166 0
3167 0
3168 0
3169 0
3170 0
3171 0
3172 0
3173 0
3174 0
3175 0
3176 0
3177 0
3178 0
3179 0
3180 0
3181 0
3182 0
3183 0
3184 0
3185 0
3186 0
3187 0
3188 1
3189 1
3190 1
3191 1
3192 1
3193 1
3194 1
3195 1
3196 1
3197 1
3198 1
3199 1
3200 1
3201 1
3202 1
3203 1
3204 1
3205 1
3206 1
3207 1
3208 1
3209 1
3210 1
3211 1
3212 1
3213 1
3214 1
3215 1
3216 1
3217 1
3218 1
3219 1
3220 1
3221 1
3222 1
3223 1
3224 1
3225 1
3226 1
3227 1
3228 1
3229 1
3230 1
3231 1
3232 1
3233 1
3234 1
3235 1
3236 1
3237 1
3238 1
3239 1
3240 1
3241 2
3242 2
3243 2
3244 2
3245 2
3246 2
3247 2
3248 2
3249 2
3250 2
3251 2
3252 2
3253 2
3254 2
3255 2
3256 2
3257 2
3258 2
3259 2
3260 2
3261 2
3262 2
3263 2
3264 2
3265 2
3266 2
3267 2
3268 2
3269 2
3270 2
3271 2
3272 2
3273 2
3274 2
3275 2
3276 2
3277 2
3278 2
3279 2
3280 2
3281 2
3282 2
3283 2
3284 2
3285 2
3286 2
3287 2
3288 2
3289 2
3290 2
3291 3
3292 3
3293 3
3294 3
3295 3
3296 3
3297 3
3298 3
3299 3
3300 3
3301 3
3302 3
3303 3
3304 3
3305 3
3306 3
3307 3
3308 3
3309 3
3310 3
3311 3
3312 3
3313 3
3314 3
3315 3
3316 3
3317 3
3318 3
3319 3
3320 3
3321 3
3322 3
3323 3
3324 3
3325 3
3326 3
3327 3
3328 3
3329 3
3330 3
3331 3
3332 3
3333 4
3334 4
3335 4
3336 4
3337 4
3338 4
3339 4
3340 4
3341 4
3342 4
3343 4
3344 4
3345 4
3346 4
3347 4
3348 4
3349 4
3350 4
3351 4
3352 4
3353 4
3354 4
3355 4
3356 4
3357 4
3358 4
3359 4
3360 4
3361 4
3362 4
3363 4
3364 4
3365 4
3366 4
3367 4
3368 4
3369 4
3370 4
3371 4
3372 4
3373 4
3374 4
3375 4
3376 4
3377 4
3378 4
3379 4
3380 4
3381 4
3382 4
3383 4
3384 4
3385 4
3386 4
3387 4
3388 5
3389 5
3390 5
3391 5
3392 5
3393 5
3394 5
3395 5
3396 5
3397 5
3398 5
3399 5
3400 5
3401 5
3402 5
3403 5
3404 5
3405 5
3406 5
3407 5
3408 5
3409 5
3410 5
3411 5
3412 5
3413 5
3414 5
3415 5
3416 5
3417 5
3418 5
3419 5
3420 5
3421 5
3422 5
3423 5
3424 5
3425 5
3426 5
3427 5
3428 5
3429 5
3430 5
3431 5
3432 5
3433 5
3434 5
3435 5
3436 5
3437 5
3438 5
3439 5
3440 5
3441 5
3442 5
3443 6
3444 6
3445 6
3446 6
3447 6
3448 6
3449 6
3450 6
3451 6
3452 6
3453 6
3454 6
3455 6
3456 6
3457 6
3458 6
3459 6
3460 6
3461 6
3462 6
3463 6
3464 6
3465 6
3466 6
3467 6
3468 6
3469 6
3470 6
3471 6
3472 6
3473 6
3474 6
3475 6
3476 6
3477 6
3478 6
3479 7
3480 7
3481 7
3482 7
3483 7
3484 7
3485 7
3486 7
3487 7
3488 7
3489 7
3490 7
3491 7
3492 7
3493 7
3494 7
3495 7
3496 7
3497 7
3498 7
3499 7
3500 7
3501 7
3502 7
3503 7
3504 7
3505 7
3506 7
3507 7
3508 7
3509 7
3510 7
3511 7
3512 7
3513 7
3514 7
3515 7
3516 7
3517 7
3518 8
3519 8
3520 8
3521 8
3522 8
3523 8
3524 8
3525 8
3526 8
3527 8
3528 8
3529 8
3530 8
3531 8
3532 8
3533 8
3534 8
3535 8
3536 8
3537 8
3538 8
3539 8
3540 8
3541 8
3542 8
3543 8
3544 8
3545 8
3546 8
3547 8
3548 8
3549 8
3550 8
3551 8
3552 8
3553 8
3554 8
3555 8
3556 8
3557 8
3558 8
3559 8
3560 8
3561 8
3562 8
3563 8
3564 8
3565 8
3566 8
3567 8
3568 8
3569 8
3570 8
3571 8
3572 8
3573 8
3574 9
3575 9
3576 9
3577 9
3578 9
3579 9
3580 9
3581 9
3582 9
3583 9
3584 9
3585 9
3586 9
3587 9
3588 9
3589 9
3590 9
3591 9
3592 9
3593 9
3594 9
3595 9
3596 9
3597 9
3598 9
3599 9
3600 9
3601 9
3602 9
3603 9
3604 9
3605 9
3606 9
3607 9
3608 9
3609 9
3610 9
3611 9
3612 9
3613 9
3614 9
3615 9
3616 9
3617 9
3618 9
3619 9
3620 9
3621 9
3622 9
3623 9
3624 9
3625 9
3626 9
3627 9
3628 9
3629 9
3630 9
3631 10
3632 10
3633 10
3634 10
3635 10
3636 10
3637 10
3638 10
3639 10
3640 10
3641 10
3642 10
3643 10
3644 10
3645 10
3646 10
3647 10
3648 10
3649 10
3650 10
3651 10
3652 10
3653 10
3654 10
3655 10
3656 10
3657 10
3658 10
3659 10
3660 10
3661 10
3662 10
3663 10
3664 10
3665 10
3666 10
3667 10
3668 10
3669 10
3670 10
3671 10
3672 10
3673 10
3674 10
3675 10
3676 10
3677 10
3678 10
3679 10
3680 10
3681 10
3682 10
3683 10
3684 10
3685 11
3686 11
3687 11
3688 11
3689 11
3690 11
3691 11
3692 11
3693 11
3694 11
3695 11
3696 11
3697 11
3698 11
3699 11
3700 11
3701 11
3702 11
3703 11
3704 11
3705 11
3706 11
3707 11
3708 11
3709 11
3710 11
3711 11
3712 11
3713 11
3714 11
3715 11
3716 11
3717 11
3718 11
3719 11
3720 11
3721 11
3722 11
3723 11
3724 11
3725 11
3726 11
3727 11
3728 11
3729 11
3730 11
3731 11
3732 11
3733 11
3734 11
3735 11
3736 11
3737 11
3738 11
3739 11
3740 11
3741 11
3742 11
3743 11
3744 11
3745 11
3746 11
3747 11
3748 11
3749 11
3750 12
3751 12
3752 12
3753 12
3754 12
3755 12
3756 12
3757 12
3758 12
3759 12
3760 12
3761 12
3762 12
3763 12
3764 12
3765 12
3766 12
3767 12
3768 12
3769 12
3770 12
3771 12
3772 12
3773 12
3774 12
3775 12
3776 12
3777 12
3778 12
3779 12
3780 12
3781 12
3782 12
3783 12
3784 12
3785 12
3786 12
3787 12
3788 12
3789 12
3790 12
3791 12
3792 12
3793 12
3794 12
3795 12
3796 12
3797 12
3798 12
3799 12
3800 13
3801 13
3802 13
3803 13
3804 13
3805 13
3806 13
3807 13
3808 13
3809 13
3810 13
3811 13
3812 13
3813 13
3814 13
3815 13
3816 13
3817 13
3818 13
3819 13
3820 13
3821 13
3822 13
3823 13
3824 13
3825 13
3826 13
3827 13
3828 13
3829 13
3830 13
3831 13
3832 13
3833 13
3834 13
3835 13
3836 13
3837 13
3838 13
3839 13
3840 13
3841 13
3842 13
3843 13
3844 13
3845 13
3846 13
3847 13
3848 13
3849 13
3850 13
3851 13
3852 13
3853 13
3854 13
3855 13
3856 13
3857 13
3858 13
3859 13
3860 13
3861 13
3862 13
3863 14
3864 14
3865 14
3866 14
3867 14
3868 14
3869 14
3870 14
3871 14
3872 14
3873 14
3874 14
3875 14
3876 14
3877 14
3878 14
3879 14
3880 14
3881 14
3882 14
3883 14
3884 14
3885 14
3886 14
3887 14
3888 14
3889 14
3890 14
3891 14
3892 14
3893 14
3894 14
3895 14
3896 14
3897 14
3898 14
3899 14
3900 14
3901 14
3902 14
3903 14
3904 14
3905 14
3906 14
3907 14
3908 14
3909 14
3910 14
3911 14
3912 15
3913 15
3914 15
3915 15
3916 15
3917 15
3918 15
3919 15
3920 15
3921 15
3922 15
3923 15
3924 15
3925 15
3926 15
3927 15
3928 15
3929 15
3930 15
3931 15
3932 15
3933 15
3934 15
3935 15
3936 15
3937 15
3938 15
3939 15
3940 15
3941 15
3942 15
3943 15
3944 15
3945 15
3946 15
3947 15
3948 15
3949 15
3950 15
3951 15
3952 15
3953 15
3954 15
3955 15
3956 15
3957 15
3958 15
3959 15
3960 15
3961 15
3962 15
3963 15
3964 15
3965 15
3966 15
3967 15
3968 0
3969 0
3970 0
3971 0
3972 0
3973 0
3974 0
3975 0
3976 0
3977 0
3978 0
3979 0
3980 0
3981 0
3982 0
3983 0
3984 0
3985 0
3986 0
3987 0
3988 0
3989 0
3990 0
3991 0
3992 0
3993 0
3994 0
3995 0
3996 0
3997 0
3998 0
3999 0
4000 0
4001 0
4002 0
4003 0
4004 0
4005 0
4006 0
4007 0
4008 0
4009 1
4010 1
4011 1
4012 1
4013 1
4014 1
4015 1
4016 1
4017 1
4018 1
4019 1
4020 1
4021 1
4022 1
4023 1
4024 1
4025 1
4026 1
4027 1
4028 1
4029 1
4030 1
4031 1
4032 1
4033 1
4034 1
4035 1
4036 1
4037 1
4038 1
4039 1
4040 1
4041 1
4042 1
4043 1
4044 1
4045 1
4046 1
4047 1
4048 1
4049 1
4050 1
4051 1
4052 1
4053 1
4054 1
4055 1
4056 1
4057 1
4058 1
4059 1
4060 1
4061 1
4062 1
4063 1
4064 1
4065 1
4066 1
4067 1
4068 1
4069 1
4070 2
4071 2
4072 2
4073 2
4074 2
4075 2
4076 2
4077 2
4078 2
4079 2
4080 2
4081 2
4082 2
4083 2
4084 2
4085 2
4086 2
4087 2
4088 2
4089 2
4090 2
4091 2
4092 2
4093 2
4094 2
4095 2
4096 2
4097 2
4098 2
4099 2
4100 2
4101 2
4102 2
4103 2
4104 2
4105 2
4106 2
4107 2
4108 2
4109 2
4110 2
4111 2
4112 2
4113 2
4114 2
4115 3
4116 3
4117 3
4118 3
4119 3
4120 3
4121 3
4122 3
4123 3
4124 3
4125 3
4126 3
4127 3
4128 3
4129 3
4130 3
4131 3
4132 3
4133 3
4134 3
4135 3
4136 3
4137 3
4138 3
4139 3
4140 3
4141 3
4142 3
4143 3
4144 3
4145 3
4146 3
4147 3
4148 3
4149 3
4150 3
4151 3
4152 3
4153 3
4154 3
4155 4
4156 4
4157 4
4158 4
4159 4
4160 4
4161 4
4162 4
4163 4
4164 4
4165 4
4166 4
4167 4
4168 4
4169 4
4170 4
4171 4
4172 4
4173 4
4174 4
4175 4
4176 4
4177 4
4178 4
4179 4
4180 4
4181 4
4182 4
4183 4
4184 4
4185 4
4186 4
4187 4
4188 4
4189 4
4190 4
4191 4
4192 4
4193 4
4194 4
4195 4
4196 4
4197 4
4198 4
4199 4
4200 4
4201 4
4202 4
4203 4
4204 4
4205 4
4206 5
4207 5
4208 5
4209 5
4210 5
4211 5
4212 5
4213 5
4214 5
4215 5
4216 5
4217 5
4218 5
4219 5
4220 5
4221 5
4222 5
4223 5
4224 5
4225 5
4226 5
4227 5
4228 5
4229 5
4230 5
4231 5
4232 5
4233 5
4234 5
4235 5
4236 5
4237 5
4238 5
4239 5
4240 5
4241 5
4242 5
4243 5
4244 5
4245 5
4246 5
4247 5
4248 5
4249 5
4250 5
4251 5
4252 5
4253 5
4254 5
4255 5
4256 5
4257 5
4258 5
4259 5
4260 5
4261 5
4262 5
4263 5
4264 5
4265 5
4266 5
4267 5
4268 5
4269 5
4270 5
4271 5
4272 5
4273 5
4274 5
4275 5
4276 6
4277 6
4278 6
4279 6
4280 6
4281 6
4282 6
4283 6
4284 6
4285 6
4286 6
4287 6
4288 6
4289 6
4290 6
4291 6
4292 6
4293 6
4294 6
4295 6
4296 6
4297 6
4298 6
4299 6
4300 6
4301 6
4302 6
4303 6
4304 6
4305 6
4306 6
4307 6
4308 6
4309 6
4310 6
4311 6
4312 6
4313 6
4314 6
4315 6
4316 6
4317 6
4318 6
4319 6
4320 7
4321 7
4322 7
4323 7
4324 7
4325 7
4326 7
4327 7
4328 7
4329 7
4330 7
4331 7
4332 7
4333 7
4334 7
4335 7
4336 7
4337 7
4338 7
4339 7
4340 7
4341 7
4342 7
4343 7
4344 7
4345 7
4346 7
4347 7
4348 7
4349 7
4350 7
4351 7
4352 7
4353 7
4354 7
4355 7
4356 7
4357 7
4358 7
4359 7
4360 7
4361 7
4362 7
4363 7
4364 7
4365 7
4366 7
4367 7
4368 7
4369 7
4370 7
4371 8
4372 8
4373 8
4374 8
4375 8
4376 8
4377 8
4378 8
4379 8
4380 8
4381 8
4382 8
4383 8
4384 8
4385 8
4386 8
4387 8
4388 8
4389 8
4390 8
4391 8
4392 8
4393 8
4394 8
4395 8
4396 8
4397 8
4398 8
4399 8
4400 8
4401 8
4402 8
4403 8
4404 8
4405 8
4406 8
4407 8
4408 8
4409 8
4410 8
4411 8
4412 8
4413 8
4414 8
4415 8
4416 8
4417 8
4418 8
4419 8
4420 8
4421 8
4422 8
4423 8
4424 8
4425 8
4426 8
4427 8
4428 8
4429 8
4430 8
4431 8
4432 8
4433 8
4434 8
4435 8
4436 8
4437 8
4438 8
4439 8
4440 8
4441 9
4442 9
4443 9
4444 9
4445 9
4446 9
4447 9
4448 9
4449 9
4450 9
4451 9
4452 9
4453 9
4454 9
4455 9
4456 9
4457 9
4458 9
4459 9
4460 9
4461 9
4462 9
4463 9
4464 9
4465 9
4466 9
4467 9
4468 9
4469 9
4470 9
4471 9
4472 9
4473 9
4474 9
4475 9
4476 9
4477 9
4478 9
4479 9
4480 9
4481 9
4482 9
4483 9
4484 9
4485 9
4486 9
4487 9
4488 9
4489 9
4490 9
4491 9
4492 9
4493 9
4494 9
4495 9
4496 9
4497 9
4498 9
4499 9
4500 9
4501 9
4502 9
4503 9
4504 9
4505 9
4506 10
4507 10
4508 10
4509 10
4510 10
4511 10
4512 10
4513 10
4514 10
4515 10
4516 10
4517 10
4518 10
4519 10
4520 10
4521 10
4522 10
4523 10
4524 10
4525 10
4526 10
4527 10
4528 10
4529 10
4530 10
4531 10
4532 10
4533 10
4534 10
4535 10
4536 10
4537 10
4538 10
4539 10
4540 10
4541 10
4542 10
4543 10
4544 10
4545 10
4546 10
4547 10
4548 10
4549 10
4550 10
4551 10
4552 10
4553 10
4554 10
4555 10
4556 10
4557 10
4558 10
4559 10
4560 10
4561 10
4562 10
4563 11
4564 11
4565 11
4566 11
4567 11
4568 11
4569 11
4570 11
4571 11
4572 11
4573 11
4574 11
4575 11
4576 11
4577 11
4578 11
4579 11
4580 11
4581 11
4582 11
4583 11
4584 11
4585 11
4586 11
4587 11
4588 11
4589 11
4590 11
4591 11
4592 11
4593 11
4594 11
4595 11
4596 11
4597 11
4598 11
4599 11
4600 11
4601 11
4602 11
4603 11
4604 11
4605 11
4606 11
4607 11
4608 11
4609 11
4610 11
4611 11
4612 11
4613 11
4614 11
4615 11
4616 11
4617 11
4618 11
4619 11
4620 11
4621 11
4622 11
4623 11
4624 11
4625 11
4626 11
4627 11
4628 11
4629 11
4630 11
4631 11
4632 11
4633 11
4634 11
4635 11
4636 11
4637 11
4638 11
4639 11
4640 11
4641 11
4642 11
4643 11
4644 11
4645 11
4646 11
4647 12
4648 12
4649 12
4650 12
4651 12
4652 12
4653 12
4654 12
4655 12
4656 12
4657 12
4658 12
4659 12
4660 12
4661 12
4662 12
4663 12
4664 12
4665 12
4666 12
4667 12
4668 12
4669 12
4670 12
4671 12
4672 12
4673 12
4674 12
4675 12
4676 12
4677 12
4678 12
4679 12
4680 12
4681 12
4682 12
4683 12
4684 12
4685 12
4686 12
4687 12
4688 12
4689 12
4690 12
4691 12
4692 12
4693 12
4694 12
4695 12
4696 12
4697 12
4698 12
4699 12
4700 12
4701 12
4702 12
4703 13
4704 13
4705 13
4706 13
4707 13
4708 13
4709 13
4710 13
4711 13
4712 13
4713 13
4714 13
4715 13
4716 13
4717 13
4718 13
4719 13
4720 13
4721 13
4722 13
4723 13
4724 13
4725 13
4726 13
4727 13
4728 13
4729 13
4730 13
4731 13
4732 13
4733 13
4734 13
4735 13
4736 13
4737 13
4738 13
4739 13
4740 13
4741 13
4742 13
4743 13
4744 13
4745 13
4746 13
4747 13
4748 13
4749 13
4750 13
4751 13
4752 13
4753 13
4754 13
4755 13
4756 13
4757 13
4758 13
4759 13
4760 13
4761 13
4762 13
4763 13
4764 13
4765 13
4766 13
4767 13
4768 13
4769 13
4770 13
4771 13
4772 14
4773 14
4774 14
4775 14
4776 14
4777 14
4778 14
4779 14
4780 14
4781 14
4782 14
4783 14
4784 14
4785 14
4786 14
4787 14
4788 14
4789 14
4790 14
4791 14
4792 14
4793 14
4794 14
4795 14
4796 14
4797 14
4798 14
4799 14
4800 14
4801 14
4802 14
4803 14
4804 14
4805 14
4806 14
4807 14
4808 14
4809 14
4810 14
4811 14
4812 15
4813 15
4814 15
4815 15
4816 15
4817 15
4818 15
4819 15
4820 15
4821 15
4822 15
4823 15
4824 15
4825 15
4826 15
4827 15
4828 15
4829 15
4830 15
4831 15
4832 15
4833 15
4834 15
4835 15
4836 15
4837 15
4838 15
4839 15
4840 15
4841 15
4842 15
4843 15
4844 15
4845 15
4846 15
4847 15
4848 15
4849 15
4850 15
4851 15
4852 15
4853 15
4854 15
4855 15
4856 15
4857 15
4858 15
4859 15
4860 15
4861 15
4862 15
4863 15
4864 15
4865 15
4866 15
4867 15
4868 15
4869 15
4870 15
4871 15
4872 15
4873 15
4874 0
4875 0
4876 0
4877 0
4878 0
4879 0
4880 0
4881 0
4882 0
4883 0
4884 0
4885 0
4886 0
4887 0
4888 0
4889 0
4890 0
4891 0
4892 0
4893 0
4894 0
4895 0
4896 0
4897 0
4898 0
4899 0
4900 0
4901 0
4902 0
4903 0
4904 0
4905 0
4906 0
4907 0
4908 0
4909 0
4910 0
4911 0
4912 1
4913 1
4914 1
4915 1
4916 1
4917 1
4918 1
4919 1
4920 1
4921 1
4922 1
4923 1
4924 1
4925 1
4926 1
4927 1
4928 1
4929 1
4930 1
4931 1
4932 1
4933 1
4934 1
4935 1
4936 1
4937 1
4938 1
4939 1
4940 1
4941 1
4942 1
4943 1
4944 1
4945 1
4946 1
4947 1
4948 1
4949 1
4950 1
4951 1
4952 1
4953 1
4954 1
4955 1
4956 1
4957 1
4958 1
4959 1
4960 1
4961 1
4962 1
4963 1
4964 1
4965 1
4966 1
4967 1
4968 1
4969 2
4970 2
4971 2
4972 2
4973 2
4974 2
4975 2
4976 2
4977 2
4978 2
4979 2
4980 2
4981 2
4982 2
4983 2
4984 2
4985 2
4986 2
4987 2
4988 2
4989 2
4990 2
4991 2
4992 2
4993 2
4994 2
4995 2
4996 2
4997 2
4998 2
4999 2
5000 2
5001 2
5002 2
5003 2
5004 2
5005 2
5006 2
5007 2
5008 2
5009 2
5010 2
5011 2
5012 2
5013 2
5014 2
5015 2
5016 2
5017 2
5018 2
5019 2
5020 2
5021 3
5022 3
5023 3
5024 3
5025 3
5026 3
5027 3
5028 3
5029 3
5030 3
5031 3
5032 3
5033 3
5034 3
5035 3
5036 3
5037 3
5038 3
5039 3
5040 3
5041 3
5042 3
5043 3
5044 3
5045 3
5046 3
5047 3
5048 3
5049 3
5050 3
5051 3
5052 3
5053 3
5054 3
5055 3
5056 3
5057 3
5058 3
5059 3
5060 3
5061 4
5062 4
5063 4
5064 4
5065 4
5066 4
5067 4
5068 4
5069 4
5070 4
5071 4
5072 4
5073 4
5074 4
5075 4
5076 4
5077 4
5078 4
5079 4
5080 4
5081 4
5082 4
5083 4
5084 4
5085 4
5086 4
5087 4
5088 4
5089 4
5090 4
5091 4
5092 4
5093 4
5094 4
5095 4
5096 4
5097 4
5098 4
5099 4
5100 4
5101 4
5102 4
5103 4
5104 4
5105 4
5106 4
5107 4
5108 4
5109 4
5110 4
5111 4
5112 4
5113 4
5114 4
5115 4
5116 4
5117 4
5118 4
5119 4
5120 4
5121 5
5122 5
5123 5
5124 5
5125 5
5126 5
5127 5
5128 5
5129 5
5130 5
5131 5
5132 5
5133 5
5134 5
5135 5
5136 5
5137 5
5138 5
5139 5
5140 5
5141 5
5142 5
5143 5
5144 5
5145 5
5146 5
5147 5
5148 5
5149 5
5150 5
5151 5
5152 5
5153 5
5154 5
5155 5
5156 5
5157 5
5158 5
5159 5
5160 5
5161 5
5162 5
5163 5
5164 5
5165 5
5166 5
5167 5
5168 5
5169 5
5170 5
5171 5
5172 5
5173 5
5174 5
5175 6
5176 6
5177 6
5178 6
5179 6
5180 6
5181 6
5182 6
5183 6
5184 6
5185 6
5186 6
5187 6
5188 6
5189 6
5190 6
5191 6
5192 6
5193 6
5194 6
5195 6
5196 6
5197 6
5198 6
5199 6
5200 6
5201 6
5202 6
5203 6
5204 6
5205 6
5206 6
5207 6
5208 6
5209 6
5210 6
5211 6
5212 6
5213 7
5214 7
5215 7
5216 7
5217 7
5218 7
5219 7
5220 7
5221 7
5222 7
5223 7
5224 7
5225 7
5226 7
5227 7
5228 7
5229 7
5230 7
5231 7
5232 7
5233 7
5234 7
5235 7
5236 7
5237 7
5238 7
5239 7
5240 7
5241 7
5242 7
5243 7
5244 7
5245 7
5246 7
5247 7
5248 7
5249 7
5250 7
5251 8
5252 8
5253 8
5254 8
5255 8
5256 8
5257 8
5258 8
5259 8
5260 8
5261 8
5262 8
5263 8
5264 8
5265 8
5266 8
5267 8
5268 8
5269 8
5270 8
5271 8
5272 8
5273 8
5274 8
5275 8
5276 8
5277 8
5278 8
5279 8
5280 8
5281 8
5282 8
5283 8
5284 8
5285 8
5286 8
5287 8
5288 8
5289 8
5290 8
5291 8
5292 8
5293 8
5294 8
5295 8
5296 8
5297 8
5298 8
5299 8
5300 8
5301 8
5302 8
5303 8
5304 8
5305 8
5306 8
5307 8
5308 9
5309 9
5310 9
5311 9
5312 9
5313 9
5314 9
5315 9
5316 9
5317 9
5318 9
5319 9
5320 9
5321 9
5322 9
5323 9
5324 9
5325 9
5326 9
5327 9
5328 9
5329 9
5330 9
5331 9
5332 9
5333 9
5334 9
5335 9
5336 9
5337 9
5338 9
5339 9
5340 9
5341 9
5342 9
5343 9
5344 9
5345 9
5346 9
5347 9
5348 9
5349 9
5350 9
5351 9
5352 9
5353 9
5354 9
5355 9
5356 9
5357 9
5358 9
5359 9
5360 9
5361 10
5362 10
5363 10
5364 10
5365 10
5366 10
5367 10
5368 10
5369 10
5370 10
5371 10
5372 10
5373 10
5374 10
5375 10
5376 10
5377 10
5378 10
5379 10
5380 10
5381 10
5382 10
5383 10
5384 10
5385 10
5386 10
5387 10
5388 10
5389 10
5390 10
5391 10
5392 10
5393 10
5394 10
5395 10
5396 10
5397 10
5398 10
5399 10
5400 10
5401 10
5402 10
5403 10
5404 10
5405 10
5406 10
5407 10
5408 10
5409 10
5410 10
5411 10
5412 10
5413 10
5414 11
5415 11
5416 11
5417 11
5418 11
5419 11
5420 11
5421 11
5422 11
5423 11
5424 11
5425 11
5426 11
5427 11
5428 11
5429 11
5430 11
5431 11
5432 11
5433 11
5434 11
5435 11
5436 11
5437 11
5438 11
5439 11
5440 11
5441 11
5442 11
5443 11
5444 11
5445 11
5446 11
5447 11
5448 11
5449 11
5450 11
5451 11
5452 11
5453 11
5454 11
5455 11
5456 11
5457 11
5458 11
5459 11
5460 11
5461 11
5462 11
5463 11
5464 11
5465 11
5466 11
5467 11
5468 11
5469 11
5470 11
5471 11
5472 11
5473 11
5474 11
5475 11
5476 11
5477 11
5478 12
5479 12
5480 12
5481 12
5482 12
5483 12
5484 12
5485 12
5486 12
5487 12
5488 12
5489 12
5490 12
5491 12
5492 12
5493 12
5494 12
5495 12
5496 12
5497 12
5498 12
5499 12
5500 12
5501 12
5502 12
5503 12
5504 12
5505 12
5506 12
5507 12
5508 12
5509 12
5510 12
5511 12
5512 12
5513 12
5514 12
5515 12
5516 12
5517 12
5518 12
5519 12
5520 12
5521 12
5522 12
5523 12
5524 12
5525 12
5526 12
5527 12
5528 12
5529 12
5530 12
5531 12
5532 12
5533 12
5534 13
5535 13
5536 13
5537 13
5538 13
5539 13
5540 13
5541 13
5542 13
5543 13
5544 13
5545 13
5546 13
5547 13
5548 13
5549 13
5550 13
5551 13
5552 13
5553 13
5554 13
5555 13
5556 13
5557 13
5558 13
5559 13
5560 13
5561 13
5562 13
5563 13
5564 13
5565 13
5566 13
5567 13
5568 13
5569 13
5570 13
5571 13
5572 13
5573 13
5574 13
5575 13
5576 13
5577 13
5578 13
5579 13
5580 13
5581 13
5582 13
5583 13
5584 13
5585 13
5586 13
5587 13
5588 13
5589 13
5590 13
5591 13
5592 13
5593 13
5594 13
5595 13
5596 13
5597 14
5598 14
5599 14
5600 14
5601 14
5602 14
5603 14
5604 14
5605 14
5606 14
5607 14
5608 14
5609 14
5610 14
5611 14
5612 14
5613 14
5614 14
5615 14
5616 14
5617 14
5618 14
5619 14
5620 14
5621 14
5622 14
5623 14
5624 14
5625 14
5626 14
5627 14
5628 14
5629 14
5630 14
5631 14
5632 14
5633 14
5634 14
5635 14
5636 14
5637 14
5638 15
5639 15
5640 15
5641 15
5642 15
5643 15
5644 15
5645 15
5646 15
5647 15
5648 15
5649 15
5650 15
5651 15
5652 15
5653 15
5654 15
5655 15
5656 15
5657 15
5658 15
5659 15
5660 15
5661 15
5662 15
5663 15
5664 15
5665 15
5666 15
5667 15
5668 15
5669 15
5670 15
5671 15
5672 15
5673 15
5674 15
5675 15
5676 15
5677 15
5678 15
5679 15
5680 15
5681 15
5682 15
5683 15
5684 15
5685 15
5686 15
5687 15
5688 15
5689 15
5690 0
5691 0
5692 0
5693 0
5694 0
5695 0
5696 0
5697 0
5698 0
5699 0
5700 0
5701 0
5702 0
5703 0
5704 0
5705 0
5706 0
5707 0
5708 0
5709 0
5710 0
5711 0
5712 0
5713 0
5714 0
5715 0
5716 0
5717 0
5718 0
5719 0
5720 0
5721 0
5722 0
5723 0
5724 0
5725 0
5726 0
5727 1
5728 1
5729 1
5730 1
5731 1
5732 1
5733 1
5734 1
5735 1
5736 1
5737 1
5738 1
5739 1
5740 1
5741 1
5742 1
5743 1
5744 1
5745 1
5746 1
5747 1
5748 1
5749 1
5750 1
5751 1
5752 1
5753 1
5754 1
5755 1
5756 1
5757 1
5758 1
5759 1
5760 1
5761 1
5762 1
5763 1
5764 1
5765 1
5766 1
5767 1
5768 1
5769 1
5770 1
5771 1
5772 1
5773 1
5774 1
5775 1
5776 1
5777 1
5778 2
5779 2
5780 2
5781 2
5782 2
5783 2
5784 2
5785 2
5786 2
5787 2
5788 2
5789 2
5790 2
5791 2
5792 2
5793 2
5794 2
5795 2
5796 2
5797 2
5798 2
5799 2
5800 2
5801 2
5802 2
5803 2
5804 2
5805 2
5806 2
5807 2
5808 2
5809 2
5810 2
5811 2
5812 2
5813 2
5814 2
5815 2
5816 2
5817 2
5818 2
5819 2
5820 2
5821 3
5822 3
5823 3
5824 3
5825 3
5826 3
5827 3
5828 3
5829 3
5830 3
5831 3
5832 3
5833 3
5834 3
5835 3
5836 3
5837 3
5838 3
5839 3
5840 3
5841 3
5842 3
5843 3
5844 3
5845 3
5846 3
5847 3
5848 3
5849 3
5850 3
5851 3
5852 3
5853 3
5854 3
5855 3
5856 3
5857 3
5858 3
5859 3
5860 4
5861 4
5862 4
5863 4
5864 4
5865 4
5866 4
5867 4
5868 4
5869 4
5870 4
5871 4
5872 4
5873 4
5874 4
5875 4
5876 4
5877 4
5878 4
5879 4
5880 4
5881 4
5882 4
5883 4
5884 4
5885 4
5886 4
5887 4
5888 4
5889 4
5890 4
5891 4
5892 4
5893 4
5894 4
5895 4
5896 4
5897 4
5898 4
5899 4
5900 4
5901 4
5902 4
5903 4
5904 4
5905 4
5906 4
5907 4
5908 4
5909 4
5910 4
5911 4
5912 4
5913 4
5914 4
5915 4
5916 4
5917 4
5918 4
5919 4
5920 4
5921 4
5922 4
5923 4
5924 5
5925 5
5926 5
5927 5
5928 5
5929 5
5930 5
5931 5
5932 5
5933 5
5934 5
5935 5
5936 5
5937 5
5938 5
5939 5
5940 5
5941 5
5942 5
5943 5
5944 5
5945 5
5946 5
5947 5
5948 5
5949 5
5950 5
5951 5
5952 5
5953 5
5954 5
5955 5
5956 5
5957 5
5958 5
5959 5
5960 5
5961 5
5962 5
5963 5
5964 5
5965 5
5966 5
5967 5
5968 5
5969 5
5970 5
5971 5
5972 5
5973 5
5974 5
5975 5
5976 5
5977 5
5978 5
5979 6
5980 6
5981 6
5982 6
5983 6
5984 6
5985 6
5986 6
5987 6
5988 6
5989 6
5990 6
5991 6
5992 6
5993 6
5994 6
5995 6
5996 6
5997 6
5998 6
5999 6
6000 6
6001 6
6002 6
6003 6
6004 6
6005 6
6006 6
6007 6
6008 6
6009 6
6010 6
6011 6
6012 6
6013 6
6014 6
6015 6
6016 7
6017 7
6018 7
6019 7
6020 7
6021 7
6022 7
6023 7
6024 7
6025 7
6026 7
6027 7
6028 7
6029 7
6030 7
6031 7
6032 7
6033 7
6034 7
6035 7
6036 7
6037 7
6038 7
6039 7
6040 7
6041 7
6042 7
6043 7
6044 7
6045 7
6046 7
6047 7
6048 7
6049 7
6050 7
6051 7
6052 7
6053 7
6054 7
6055 7
6056 8
6057 8
6058 8
6059 8
6060 8
6061 8
6062 8
6063 8
6064 8
6065 8
6066 8
6067 8
6068 8
6069 8
6070 8
6071 8
6072 8
6073 8
6074 8
6075 8
6076 8
6077 8
6078 8
6079 8
6080 8
6081 8
6082 8
6083 8
6084 8
6085 8
6086 8
6087 8
6088 8
6089 8
6090 8
6091 8
6092 8
6093 8
6094 8
6095 8
6096 8
6097 8
6098 8
6099 8
6100 8
6101 8
6102 8
6103 8
6104 8
6105 8
6106 8
6107 8
6108 9
6109 9
6110 9
6111 9
6112 9
6113 9
6114 9
6115 9
6116 9
6117 9
6118 9
6119 9
6120 9
6121 9
6122 9
6123 9
6124 9
6125 9
6126 9
6127 9
6128 9
6129 9
6130 9
6131 9
6132 9
6133 9
6134 9
6135 9
6136 9
6137 9
6138 9
6139 9
6140 9
6141 9
6142 9
6143 9
6144 9
6145 9
6146 9
6147 9
6148 9
6149 9
6150 9
6151 9
6152 9
6153 9
6154 9
6155 9
6156 9
6157 9
6158 9
6159 9
6160 10
6161 10
6162 10
6163 10
6164 10
6165 10
6166 10
6167 10
6168 10
6169 10
6170 10
6171 10
6172 10
6173 10
6174 10
6175 10
6176 10
6177 10
6178 10
6179 10
6180 10
6181 10
6182 10
6183 10
6184 10
6185 10
6186 10
6187 10
6188 10
6189 10
6190 10
6191 10
6192 10
6193 10
6194 10
6195 10
6196 10
6197 10
6198 10
6199 10
6200 10
6201 10
6202 10
6203 10
6204 10
6205 10
6206 10
6207 10
6208 10
6209 10
6210 10
6211 10
6212 10
6213 10
6214 10
6215 11
6216 11
6217 11
6218 11
6219 11
6220 11
6221 11
6222 11
6223 11
6224 11
6225 11
6226 11
6227 11
6228 11
6229 11
6230 11
6231 11
6232 11
6233 11
6234 11
6235 11
6236 11
6237 11
6238 11
6239 11
6240 11
6241 11
6242 11
6243 11
6244 11
6245 11
6246 11
6247 11
6248 11
6249 11
6250 11
6251 11
6252 11
6253 11
6254 11
6255 11
6256 11
6257 11
6258 11
6259 11
6260 11
6261 11
6262 11
6263 11
6264 11
6265 11
6266 11
6267 11
6268 11
6269 11
6270 11
6271 11
6272 11
6273 11
6274 11
6275 11
6276 11
6277 11
6278 11
6279 11
6280 11
6281 11
6282 11
6283 11
6284 11
6285 11
6286 12
6287 12
6288 12
6289 12
6290 12
6291 12
6292 12
6293 12
6294 12
6295 12
6296 12
6297 12
6298 12
6299 12
6300 12
6301 12
6302 12
6303 12
6304 12
6305 12
6306 12
6307 12
6308 12
6309 12
6310 12
6311 12
6312 12
6313 12
6314 12
6315 12
6316 12
6317 12
6318 12
6319 12
6320 12
6321 12
6322 12
6323 12
6324 12
6325 12
6326 12
6327 12
6328 12
6329 12
6330 12
6331 12
6332 12
6333 12
6334 12
6335 12
6336 12
6337 13
6338 13
6339 13
6340 13
6341 13
6342 13
6343 13
6344 13
6345 13
6346 13
6347 13
6348 13
6349 13
6350 13
6351 13
6352 13
6353 13
6354 13
6355 13
6356 13
6357 13
6358 13
6359 13
6360 13
6361 13
6362 13
6363 13
6364 13
6365 13
6366 13
6367 13
6368 13
6369 13
6370 13
6371 13
6372 13
6373 13
6374 13
6375 13
6376 13
6377 13
6378 13
6379 13
6380 13
6381 13
6382 13
6383 13
6384 13
6385 13
6386 13
6387 13
6388 13
6389 13
6390 13
6391 13
6392 13
6393 13
6394 13
6395 13
6396 13
6397 14
6398 14
6399 14
6400 14
6401 14
6402 14
6403 14
6404 14
6405 14
6406 14
6407 14
6408 14
6409 14
6410 14
6411 14
6412 14
6413 14
6414 14
6415 14
6416 14
6417 14
6418 14
6419 14
6420 14
6421 14
6422 14
6423 14
6424 14
6425 14
6426 14
6427 14
6428 14
6429 14
6430 14
6431 14
6432 14
6433 14
6434 14
6435 14
6436 14
6437 14
6438 14
6439 14
6440 14
6441 14
6442 14
6443 14
6444 14
6445 15
6446 15
6447 15
6448 15
6449 15
6450 15
6451 15
6452 15
6453 15
6454 15
6455 15
6456 15
6457 15
6458 15
6459 15
6460 15
6461 15
6462 15
6463 15
6464 15
6465 15
6466 15
6467 15
6468 15
6469 15
6470 15
6471 15
6472 15
6473 15
6474 15
6475 15
6476 15
6477 15
6478 15
6479 15
6480 15
6481 15
6482 15
6483 15
6484 15
6485 15
6486 15
6487 15
6488 15
6489 15
6490 15
6491 15
6492 15
6493 15
6494 15
6495 15
6496 15
6497 15
6498 15
6499 15
6500 0
6501 0
6502 0
6503 0
6504 0
6505 0
6506 0
6507 0
6508 0
6509 0
6510 0
6511 0
6512 0
6513 0
6514 0
6515 0
6516 0
6517 0
6518 0
6519 0
6520 0
6521 0
6522 0
6523 0
6524 0
6525 0
6526 0
6527 0
6528 0
6529 0
6530 0
6531 0
6532 0
6533 0
6534 0
6535 0
6536 1
6537 1
6538 1
6539 1
6540 1
6541 1
6542 1
6543 1
6544 1
6545 1
6546 1
6547 1
6548 1
6549 1
6550 1
6551 1
6552 1
6553 1
6554 1
6555 1
6556 1
6557 1
6558 1
6559 1
6560 1
6561 1
6562 1
6563 1
6564 1
6565 1
6566 1
6567 1
6568 1
6569 1
6570 1
6571 1
6572 1
6573 1
6574 1
6575 1
6576 1
6577 1
6578 1
6579 1
6580 1
6581 1
6582 2
6583 2
6584 2
6585 2
6586 2
6587 2
6588 2
6589 2
6590 2
6591 2
6592 2
6593 2
6594 2
6595 2
6596 2
6597 2
6598 2
6599 2
6600 2
6601 2
6602 2
6603 2
6604 2
6605 2
6606 2
6607 2
6608 2
6609 2
6610 2
6611 2
6612 2
6613 2
6614 2
6615 2
6616 2
6617 2
6618 2
6619 2
6620 2
6621 2
6622 2
6623 2
6624 2
6625 2
6626 3
6627 3
6628 3
6629 3
6630 3
6631 3
6632 3
6633 3
6634 3
6635 3
6636 3
6637 3
6638 3
6639 3
6640 3
6641 3
6642 3
6643 3
6644 3
6645 3
6646 3
6647 3
6648 3
6649 3
6650 3
6651 3
6652 3
6653 3
6654 3
6655 3
6656 3
6657 3
6658 3
6659 3
6660 3
6661 3
6662 3
6663 3
6664 3
6665 3
6666 3
6667 3
6668 3
6669 3
6670 3
6671 3
6672 3
6673 3
6674 3
6675 3
6676 3
6677 4
6678 4
6679 4
6680 4
6681 4
6682 4
6683 4
6684 4
6685 4
6686 4
6687 4
6688 4
6689 4
6690 4
6691 4
6692 4
6693 4
6694 4
6695 4
6696 4
6697 4
6698 4
6699 4
6700 4
6701 4
6702 4
6703 4
6704 4
6705 4
6706 4
6707 4
6708 4
6709 4
6710 4
6711 4
6712 4
6713 4
6714 4
6715 4
6716 4
6717 4
6718 4
6719 4
6720 4
6721 5
6722 5
6723 5
6724 5
6725 5
6726 5
6727 5
6728 5
6729 5
6730 5
6731 5
6732 5
6733 5
6734 5
6735 5
6736 5
6737 5
6738 5
6739 5
6740 5
6741 5
6742 5
6743 5
6744 5
6745 5
6746 5
6747 5
6748 5
6749 5
6750 5
6751 5
6752 5
6753 5
6754 5
6755 5
6756 5
6757 5
6758 5
6759 5
6760 6
6761 6
6762 6
6763 6
6764 6
6765 6
6766 6
6767 6
6768 6
6769 6
6770 6
6771 6
6772 6
6773 6
6774 6
6775 6
6776 6
6777 6
6778 6
6779 6
6780 6
6781 6
6782 6
6783 6
6784 6
6785 6
6786 6
6787 6
6788 6
6789 6
6790 6
6791 6
6792 6
6793 6
6794 7
6795 7
6796 7
6797 7
6798 7
6799 7
6800 7
6801 7
6802 7
6803 7
6804 7
6805 7
6806 7
6807 7
6808 7
6809 7
6810 7
6811 7
6812 7
6813 7
6814 7
6815 7
6816 7
6817 7
6818 7
6819 7
6820 7
6821 7
6822 7
6823 7
6824 7
6825 7
6826 7
6827 7
6828 7
6829 7
6830 7
6831 7
6832 8
6833 8
6834 8
6835 8
6836 8
6837 8
6838 8
6839 8
6840 8
6841 8
6842 8
6843 8
6844 8
6845 8
6846 8
6847 8
6848 8
6849 8
6850 8
6851 8
6852 8
6853 8
6854 8
6855 8
6856 8
6857 8
6858 8
6859 8
6860 8
6861 8
6862 8
6863 8
6864 8
6865 8
6866 8
6867 8
6868 8
6869 8
6870 8
6871 8
6872 8
6873 8
6874 8
6875 8
6876 8
6877 8
6878 8
6879 8
6880 8
6881 8
6882 8
6883 8
6884 9
6885 9
6886 9
6887 9
6888 9
6889 9
6890 9
6891 9
6892 9
6893 9
6894 9
6895 9
6896 9
6897 9
6898 9
6899 9
6900 9
6901 9
6902 9
6903 9
6904 9
6905 9
6906 9
6907 9
6908 9
6909 9
6910 9
6911 9
6912 9
6913 9
6914 9
6915 9
6916 9
6917 9
6918 9
6919 9
6920 9
6921 9
6922 9
6923 9
6924 9
6925 9
6926 9
6927 9
6928 9
6929 9
6930 9
6931 9
6932 9
6933 9
6934 9
6935 9
6936 9
6937 9
6938 9
6939 9
6940 9
6941 9
6942 9
6943 9
6944 9
6945 10
6946 10
6947 10
6948 10
6949 10
6950 10
6951 10
6952 10
6953 10
6954 10
6955 10
6956 10
6957 10
6958 10
6959 10
6960 10
6961 10
6962 10
6963 10
6964 10
6965 10
6966 10
6967 10
6968 10
6969 10
6970 10
6971 10
6972 10
6973 10
6974 10
6975 10
6976 10
6977 10
6978 10
6979 10
6980 10
6981 10
6982 10
6983 10
6984 10
6985 10
6986 10
6987 10
6988 10
6989 10
6990 10
6991 10
6992 10
6993 10
6994 10
6995 10
6996 10
6997 10
6998 10
6999 10
7000 10
7001 10
7002 10
7003 10
7004 10
7005 10
7006 10
7007 11
7008 11
7009 11
7010 11
7011 11
7012 11
7013 11
7014 11
7015 11
7016 11
7017 11
7018 11
7019 11
7020 11
7021 11
7022 11
7023 11
7024 11
7025 11
7026 11
7027 11
7028 11
7029 11
7030 11
7031 11
7032 11
7033 11
7034 11
7035 11
7036 11
7037 11
7038 11
7039 11
7040 11
7041 11
7042 11
7043 11
7044 11
7045 11
7046 11
7047 11
7048 11
7049 11
7050 11
7051 11
7052 11
7053 11
7054 11
7055 11
7056 11
7057 12
7058 12
7059 12
7060 12
7061 12
7062 12
7063 12
7064 12
7065 12
7066 12
7067 12
7068 12
7069 12
7070 12
7071 12
7072 12
7073 12
7074 12
7075 12
7076 12
7077 12
7078 12
7079 12
7080 12
7081 12
7082 12
7083 12
7084 12
7085 12
7086 12
7087 12
7088 12
7089 12
7090 12
7091 12
7092 12
7093 12
7094 12
7095 12
7096 12
7097 12
7098 12
7099 12
7100 12
7101 12
7102 12
7103 12
7104 12
7105 12
7106 12
7107 12
7108 12
7109 12
7110 13
7111 13
7112 13
7113 13
7114 13
7115 13
7116 13
7117 13
7118 13
7119 13
7120 13
7121 13
7122 13
7123 13
7124 13
7125 13
7126 13
7127 13
7128 13
7129 13
7130 13
7131 13
7132 13
7133 13
7134 13
7135 13
7136 13
7137 13
7138 13
7139 13
7140 13
7141 13
7142 13
7143 13
7144 13
7145 13
7146 13
7147 13
7148 13
7149 13
7150 13
7151 13
7152 13
7153 13
7154 13
7155 13
7156 13
7157 13
7158 13
7159 13
7160 13
7161 13
7162 13
7163 13
7164 13
7165 13
7166 13
7167 13
7168 13
7169 13
7170 13
7171 14
7172 14
7173 14
7174 14
7175 14
7176 14
7177 14
7178 14
7179 14
7180 14
7181 14
7182 14
7183 14
7184 14
7185 14
7186 14
7187 14
7188 14
7189 14
7190 14
7191 14
7192 14
7193 14
7194 14
7195 14
7196 14
7197 14
7198 14
7199 14
7200 14
7201 14
7202 14
7203 14
7204 14
7205 14
7206 14
7207 14
7208 14
7209 15
7210 15
7211 15
7212 15
7213 15
7214 15
7215 15
7216 15
7217 15
7218 15
7219 15
7220 15
7221 15
7222 15
7223 15
7224 15
7225 15
7226 15
7227 15
7228 15
7229 15
7230 15
7231 15
7232 15
7233 15
7234 15
7235 15
7236 15
7237 15
7238 15
7239 15
7240 15
7241 15
7242 15
7243 15
7244 15
7245 15
7246 15
7247 15
7248 15
7249 15
7250 15
7251 15
7252 15
7253 15
7254 15
7255 15
7256 15
7257 15
7258 15
7259 15
7260 15
7261 15
7262 0
7263 0
7264 0
7265 0
7266 0
7267 0
7268 0
7269 0
7270 0
7271 0
7272 0
7273 0
7274 0
7275 0
7276 0
7277 0
7278 0
7279 0
7280 0
7281 0
7282 0
7283 0
7284 0
7285 0
7286 0
7287 0
7288 0
7289 0
7290 0
7291 0
7292 0
7293 0
7294 0
7295 0
7296 0
7297 0
7298 0
7299 1
7300 1
7301 1
7302 1
7303 1
7304 1
7305 1
7306 1
7307 1
7308 1
7309 1
7310 1
7311 1
7312 1
7313 1
7314 1
7315 1
7316 1
7317 1
7318 1
7319 1
7320 1
7321 1
7322 1
7323 1
7324 1
7325 1
7326 1
7327 1
7328 1
7329 1
7330 1
7331 1
7332 1
7333 1
7334 1
7335 1
7336 1
7337 1
7338 1
7339 1
7340 1
7341 1
7342 1
7343 1
7344 1
7345 1
7346 1
7347 1
7348 1
7349 1
7350 1
7351 1
7352 2
7353 2
7354 2
7355 2
7356 2
7357 2
7358 2
7359 2
7360 2
7361 2
7362 2
7363 2
7364 2
7365 2
7366 2
7367 2
7368 2
7369 2
7370 2
7371 2
7372 2
7373 2
7374 2
7375 2
7376 2
7377 2
7378 2
7379 2
7380 2
7381 2
7382 2
7383 2
7384 2
7385 2
7386 2
7387 2
7388 2
7389 2
7390 2
7391 2
7392 2
7393 2
7394 2
7395 2
7396 2
7397 3
7398 3
7399 3
7400 3
7401 3
7402 3
7403 3
7404 3
7405 3
7406 3
7407 3
7408 3
7409 3
7410 3
7411 3
7412 3
7413 3
7414 3
7415 3
7416 3
7417 3
7418 3
7419 3
7420 3
7421 3
7422 3
7423 3
7424 3
7425 3
7426 3
7427 3
7428 3
7429 3
7430 3
7431 3
7432 3
7433 3
7434 3
7435 3
7436 4
7437 4
7438 4
7439 4
7440 4
7441 4
7442 4
7443 4
7444 4
7445 4
7446 4
7447 4
7448 4
7449 4
7450 4
7451 4
7452 4
7453 4
7454 4
7455 4
7456 4
7457 4
7458 4
7459 4
7460 4
7461 4
7462 4
7463 4
7464 4
7465 4
7466 4
7467 4
7468 4
7469 4
7470 4
7471 4
7472 4
7473 4
7474 4
7475 4
7476 4
7477 4
7478 4
7479 4
7480 4
7481 4
7482 4
7483 4
7484 4
7485 4
7486 4
7487 4
7488 4
7489 5
7490 5
7491 5
7492 5
7493 5
7494 5
7495 5
7496 5
7497 5
7498 5
7499 5
7500 5
7501 5
7502 5
7503 5
7504 5
7505 5
7506 5
7507 5
7508 5
7509 5
7510 5
7511 5
7512 5
7513 5
7514 5
7515 5
7516 5
7517 5
7518 5
7519 5
7520 5
7521 5
7522 5
7523 5
7524 5
7525 5
7526 5
7527 5
7528 5
7529 5
7530 5
7531 5
7532 5
7533 5
7534 5
7535 5
7536 5
7537 5
7538 5
7539 5
7540 5
7541 5
7542 5
7543 5
7544 5
7545 5
7546 5
7547 5
7548 5
7549 5
7550 5
7551 5
7552 5
7553 5
7554 5
7555 5
7556 6
7557 6
7558 6
7559 6
7560 6
7561 6
7562 6
7563 6
7564 6
7565 6
7566 6
7567 6
7568 6
7569 6
7570 6
7571 6
7572 6
7573 6
7574 6
7575 6
7576 6
7577 6
7578 6
7579 6
7580 6
7581 6
7582 6
7583 6
7584 6
7585 6
7586 6
7587 6
7588 6
7589 6
7590 6
7591 6
7592 6
7593 6
7594 6
7595 6
7596 6
7597 6
7598 7
7599 7
7600 7
7601 7
7602 7
7603 7
7604 7
7605 7
7606 7
7607 7
7608 7
7609 7
7610 7
7611 7
7612 7
7613 7
7614 7
7615 7
7616 7
7617 7
7618 7
7619 7
7620 7
7621 7
7622 7
7623 7
7624 7
7625 7
7626 7
7627 7
7628 7
7629 7
7630 7
7631 7
7632 7
7633 7
7634 7
7635 7
7636 7
7637 7
7638 8
7639 8
7640 8
7641 8
7642 8
7643 8
7644 8
7645 8
7646 8
7647 8
7648 8
7649 8
7650 8
7651 8
7652 8
7653 8
7654 8
7655 8
7656 8
7657 8
7658 8
7659 8
7660 8
7661 8
7662 8
7663 8
7664 8
7665 8
7666 8
7667 8
7668 8
7669 8
7670 8
7671 8
7672 8
7673 8
7674 8
7675 8
7676 8
7677 8
7678 8
7679 8
7680 8
7681 8
7682 8
7683 8
7684 8
7685 8
7686 8
7687 8
7688 8
7689 8
7690 9
7691 9
7692 9
7693 9
7694 9
7695 9
7696 9
7697 9
7698 9
7699 9
7700 9
7701 9
7702 9
7703 9
7704 9
7705 9
7706 9
7707 9
7708 9
7709 9
7710 9
7711 9
7712 9
7713 9
7714 9
7715 9
7716 9
7717 9
7718 9
7719 9
7720 9
7721 9
7722 9
7723 9
7724 9
7725 9
7726 9
7727 9
7728 9
7729 9
7730 9
7731 9
7732 9
7733 9
7734 9
7735 9
7736 9
7737 9
7738 9
7739 9
7740 9
7741 9
7742 9
7743 9
7744 9
7745 9
7746 9
7747 9
7748 9
7749 10
7750 10
7751 10
7752 10
7753 10
7754 10
7755 10
7756 10
7757 10
7758 10
7759 10
7760 10
7761 10
7762 10
7763 10
7764 10
7765 10
7766 10
7767 10
7768 10
7769 10
7770 10
7771 10
7772 10
7773 10
7774 10
7775 10
7776 10
7777 10
7778 10
7779 10
7780 10
7781 10
7782 10
7783 10
7784 10
7785 10
7786 10
7787 10
7788 10
7789 10
7790 10
7791 10
7792 10
7793 10
7794 10
7795 10
7796 10
7797 10
7798 10
7799 10
7800 10
7801 10
7802 10
7803 10
7804 10
7805 10
7806 10
7807 10
7808 10
7809 10
7810 10
7811 10
7812 10
7813 10
7814 11
7815 11
7816 11
7817 11
7818 11
7819 11
7820 11
7821 11
7822 11
7823 11
7824 11
7825 11
7826 11
7827 11
7828 11
7829 11
7830 11
7831 11
7832 11
7833 11
7834 11
7835 11
7836 11
7837 11
7838 11
7839 11
7840 11
7841 11
7842 11
7843 11
7844 11
7845 11
7846 11
7847 11
7848 11
7849 11
7850 11
7851 11
7852 11
7853 11
7854 11
7855 11
7856 11
7857 11
7858 11
7859 11
7860 11
7861 11
7862 11
7863 11
7864 11
7865 11
7866 11
7867 11
7868 11
7869 11
7870 11
7871 11
7872 11
7873 11
7874 11
7875 11
7876 11
7877 11
7878 11
7879 11
7880 11
7881 11
7882 11
7883 12
7884 12
7885 12
7886 12
7887 12
7888 12
7889 12
7890 12
7891 12
7892 12
7893 12
7894 12
7895 12
7896 12
7897 12
7898 12
7899 12
7900 12
7901 12
7902 12
7903 12
7904 12
7905 12
7906 12
7907 12
7908 12
7909 12
7910 12
7911 12
7912 12
7913 12
7914 12
7915 12
7916 12
7917 12
7918 12
7919 12
7920 12
7921 12
7922 12
7923 12
7924 12
7925 12
7926 12
7927 12
7928 12
7929 13
7930 13
7931 13
7932 13
7933 13
7934 13
7935 13
7936 13
7937 13
7938 13
7939 13
7940 13
7941 13
7942 13
7943 13
7944 13
7945 13
7946 13
7947 13
7948 13
7949 13
7950 13
7951 13
7952 13
7953 13
7954 13
7955 13
7956 13
7957 13
7958 13
7959 13
7960 13
7961 13
7962 13
7963 13
7964 13
7965 13
7966 13
7967 13
7968 13
7969 13
7970 13
7971 13
7972 13
7973 13
7974 13
7975 13
7976 13
7977 13
7978 13
7979 13
7980 13
7981 13
7982 13
7983 13
7984 13
7985 13
7986 13
7987 13
7988 13
7989 13
7990 13
7991 13
7992 13
7993 13
7994 13
7995 13
7996 13
7997 13
7998 13
7999 13
8000 13
8001 13
8002 13
8003 13
8004 13
8005 13
8006 13
8007 13
8008 13
8009 13
8010 14
8011 14
8012 14
8013 14
8014 14
8015 14
8016 14
8017 14
8018 14
8019 14
8020 14
8021 14
8022 14
8023 14
8024 14
8025 14
8026 14
8027 14
8028 14
8029 14
8030 14
8031 14
8032 14
8033 14
8034 14
8035 14
8036 14
8037 14
8038 14
8039 14
8040 14
8041 14
8042 14
8043 14
8044 14
8045 14
8046 14
8047 14
8048 14
8049 14
8050 14
8051 14
8052 14
8053 14
8054 14
8055 14
8056 14
8057 14
8058 15
8059 15
8060 15
8061 15
8062 15
8063 15
8064 15
8065 15
8066 15
8067 15
8068 15
8069 15
8070 15
8071 15
8072 15
8073 15
8074 15
8075 15
8076 15
8077 15
8078 15
8079 15
8080 15
8081 15
8082 15
8083 15
8084 15
8085 15
8086 15
8087 15
8088 15
8089 15
8090 15
8091 15
8092 15
8093 15
8094 15
8095 15
8096 15
8097 15
8098 15
8099 15
8100 15
8101 15
8102 15
8103 15
8104 15
8105 15
8106 15
8107 15
8108 15
8109 15
8110 15
8111 15
8112 15
8113 15
8114 15
8115 15
8116 15
8117 15
8118 15
8119 15
8120 15
8121 15
8122 15
8123 15
8124 0
8125 0
8126 0
8127 0
8128 0
8129 0
8130 0
8131 0
8132 0
8133 0
8134 0
8135 0
8136 0
8137 0
8138 0
8139 0
8140 0
8141 0
8142 0
8143 0
8144 0
8145 0
8146 0
8147 0
8148 0
8149 0
8150 0
8151 0
8152 0
8153 0
8154 0
8155 0
8156 0
8157 0
8158 0
8159 0
8160 0
8161 1
8162 1
8163 1
8164 1
8165 1
8166 1
8167 1
8168 1
8169 1
8170 1
8171 1
8172 1
8173 1
8174 1
8175 1
8176 1
8177 1
8178 1
8179 1
8180 1
8181 1
8182 1
8183 1
8184 1
8185 1
8186 1
8187 1
8188 1
8189 1
8190 1
8191 1
8192 1
8193 1
8194 1
8195 1
8196 1
8197 1
8198 1
8199 1
8200 1
8201 1
8202 1
8203 1
8204 1
8205 1
8206 1
8207 1
8208 1
8209 1
8210 1
8211 1
8212 1
8213 2
8214 2
8215 2
8216 2
8217 2
8218 2
8219 2
8220 2
8221 2
8222 2
8223 2
8224 2
8225 2
8226 2
8227 2
8228 2
8229 2
8230 2
8231 2
8232 2
8233 2
8234 2
8235 2
8236 2
8237 2
8238 2
8239 2
8240 2
8241 2
8242 2
8243 2
8244 2
8245 2
8246 2
8247 2
8248 2
8249 2
8250 2
8251 2
8252 2
8253 2
8254 2
8255 2
8256 2
8257 2
8258 2
8259 2
8260 2
8261 2
8262 2
8263 3
8264 3
8265 3
8266 3
8267 3
8268 3
8269 3
8270 3
8271 3
8272 3
8273 3
8274 3
8275 3
8276 3
8277 3
8278 3
8279 3
8280 3
8281 3
8282 3
8283 3
8284 3
8285 3
8286 3
8287 3
8288 3
8289 3
8290 3
8291 3
8292 3
8293 3
8294 3
8295 3
8296 3
8297 3
8298 3
8299 3
8300 3
8301 4
8302 4
8303 4
8304 4
8305 4
8306 4
8307 4
8308 4
8309 4
8310 4
8311 4
8312 4
8313 4
8314 4
8315 4
8316 4
8317 4
8318 4
8319 4
8320 4
8321 4
8322 4
8323 4
8324 4
8325 4
8326 4
8327 4
8328 4
8329 4
8330 4
8331 4
8332 4
8333 4
8334 4
8335 4
8336 4
8337 4
8338 4
8339 4
8340 4
8341 4
8342 4
8343 4
8344 4
8345 4
8346 4
8347 4
8348 4
8349 4
8350 5
8351 5
8352 5
8353 5
8354 5
8355 5
8356 5
8357 5
8358 5
8359 5
8360 5
8361 5
8362 5
8363 5
8364 5
8365 5
8366 5
8367 5
8368 5
8369 5
8370 5
8371 5
8372 5
8373 5
8374 5
8375 5
8376 5
8377 5
8378 5
8379 5
8380 5
8381 5
8382 5
8383 5
8384 5
8385 5
8386 5
8387 5
8388 5
8389 5
8390 5
8391 5
8392 5
8393 5
8394 5
8395 5
8396 5
8397 5
8398 5
8399 5
8400 5
8401 5
8402 5
8403 5
8404 5
8405 5
8406 5
8407 5
8408 5
8409 5
8410 5
8411 5
8412 5
8413 5
8414 5
8415 5
8416 5
8417 5
8418 6
8419 6
8420 6
8421 6
8422 6
8423 6
8424 6
8425 6
8426 6
8427 6
8428 6
8429 6
8430 6
8431 6
8432 6
8433 6
8434 6
8435 6
8436 6
8437 6
8438 6
8439 6
8440 6
8441 6
8442 6
8443 6
8444 6
8445 6
8446 6
8447 6
8448 6
8449 6
8450 6
8451 6
8452 6
8453 6
8454 7
8455 7
8456 7
8457 7
8458 7
8459 7
8460 7
8461 7
8462 7
8463 7
8464 7
8465 7
8466 7
8467 7
8468 7
8469 7
8470 7
8471 7
8472 7
8473 7
8474 7
8475 7
8476 7
8477 7
8478 7
8479 7
8480 7
8481 7
8482 7
8483 7
8484 7
8485 7
8486 7
8487 7
8488 7
8489 7
8490 8
8491 8
8492 8
8493 8
8494 8
8495 8
8496 8
8497 8
8498 8
8499 8
8500 8
8501 8
8502 8
8503 8
8504 8
8505 8
8506 8
8507 8
8508 8
8509 8
8510 8
8511 8
8512 8
8513 8
8514 8
8515 8
8516 8
8517 8
8518 8
8519 8
8520 8
8521 8
8522 8
8523 8
8524 8
8525 8
8526 8
8527 8
8528 8
8529 8
8530 8
8531 8
8532 8
8533 8
8534 8
8535 8
8536 8
8537 8
8538 8
8539 8
8540 8
8541 8
8542 8
8543 8
8544 8
8545 8
8546 9
8547 9
8548 9
8549 9
8550 9
8551 9
8552 9
8553 9
8554 9
8555 9
8556 9
8557 9
8558 9
8559 9
8560 9
8561 9
8562 9
8563 9
8564 9
8565 9
8566 9
8567 9
8568 9
8569 9
8570 9
8571 9
8572 9
8573 9
8574 9
8575 9
8576 9
8577 9
8578 9
8579 9
8580 9
8581 9
8582 9
8583 9
8584 9
8585 9
8586 9
8587 9
8588 9
8589 9
8590 9
8591 9
8592 9
8593 9
8594 9
8595 9
8596 9
8597 9
8598 9
8599 9
8600 9
8601 9
8602 9
8603 9
8604 10
8605 10
8606 10
8607 10
8608 10
8609 10
8610 10
8611 10
8612 10
8613 10
8614 10
8615 10
8616 10
8617 10
8618 10
8619 10
8620 10
8621 10
8622 10
8623 10
8624 10
8625 10
8626 10
8627 10
8628 10
8629 10
8630 10
8631 10
8632 10
8633 10
8634 10
8635 10
8636 10
8637 10
8638 10
8639 10
8640 10
8641 10
8642 10
8643 10
8644 10
8645 10
8646 10
8647 10
8648 10
8649 10
8650 10
8651 10
8652 10
8653 10
8654 10
8655 10
8656 10
8657 10
8658 10
8659 11
8660 11
8661 11
8662 11
8663 11
8664 11
8665 11
8666 11
8667 11
8668 11
8669 11
8670 11
8671 11
8672 11
8673 11
8674 11
8675 11
8676 11
8677 11
8678 11
8679 11
8680 11
8681 11
8682 11
8683 11
8684 11
8685 11
8686 11
8687 11
8688 11
8689 11
8690 11
8691 11
8692 11
8693 11
8694 11
8695 11
8696 11
8697 11
8698 11
8699 11
8700 11
8701 11
8702 11
8703 11
8704 11
8705 11
8706 11
8707 11
8708 11
8709 11
8710 11
8711 11
8712 11
8713 11
8714 11
8715 11
8716 11
8717 11
8718 11
8719 11
8720 11
8721 11
8722 11
8723 11
8724 11
8725 11
8726 11
8727 11
8728 11
8729 11
8730 11
8731 11
8732 11
8733 11
8734 11
8735 11
8736 11
8737 11
8738 11
8739 11
8740 11
8741 11
8742 11
8743 11
8744 11
8745 11
8746 11
8747 11
8748 11
8749 11
8750 11
8751 11
8752 11
8753 11
8754 11
8755 12
8756 12
8757 12
8758 12
8759 12
8760 12
8761 12
8762 12
8763 12
8764 12
8765 12
8766 12
8767 12
8768 12
8769 12
8770 12
8771 12
8772 12
8773 12
8774 12
8775 12
8776 12
8777 12
8778 12
8779 12
8780 12
8781 12
8782 12
8783 12
8784 12
8785 12
8786 12
8787 12
8788 12
8789 12
8790 12
8791 12
8792 12
8793 12
8794 12
8795 12
8796 12
8797 12
8798 12
8799 12
8800 12
8801 12
8802 12
8803 12
8804 12
8805 12
8806 12
8807 12
8808 12
8809 13
8810 13
8811 13
8812 13
8813 13
8814 13
8815 13
8816 13
8817 13
8818 13
8819 13
8820 13
8821 13
8822 13
8823 13
8824 13
8825 13
8826 13
8827 13
8828 13
8829 13
8830 13
8831 13
8832 13
8833 13
8834 13
8835 13
8836 13
8837 13
8838 13
8839 13
8840 13
8841 13
8842 13
8843 13
8844 13
8845 13
8846 13
8847 13
8848 13
8849 13
8850 13
8851 13
8852 13
8853 13
8854 13
8855 13
8856 13
8857 13
8858 13
8859 13
8860 13
8861 13
8862 13
8863 13
8864 13
8865 13
8866 13
8867 13
8868 13
8869 13
8870 13
8871 13
8872 13
8873 13
8874 13
8875 13
8876 13
8877 13
8878 13
8879 13
8880 13
8881 13
8882 13
8883 13
8884 13
8885 13
8886 13
8887 13
8888 13
8889 13
8890 13
8891 13
8892 13
8893 13
8894 13
8895 13
8896 13
8897 13
8898 14
8899 14
8900 14
8901 14
8902 14
8903 14
8904 14
8905 14
8906 14
8907 14
8908 14
8909 14
8910 14
8911 14
8912 14
8913 14
8914 14
8915 14
8916 14
8917 14
8918 14
8919 14
8920 14
8921 14
8922 14
8923 14
8924 14
8925 14
8926 14
8927 14
8928 14
8929 14
8930 14
8931 14
8932 14
8933 14
8934 14
8935 14
8936 14
8937 14
8938 14
8939 14
8940 14
8941 14
8942 14
8943 14
8944 15
8945 15
8946 15
8947 15
8948 15
8949 15
8950 15
8951 15
8952 15
8953 15
8954 15
8955 15
8956 15
8957 15
8958 15
8959 15
8960 15
8961 15
8962 15
8963 15
8964 15
8965 15
8966 15
8967 15
8968 15
8969 15
8970 15
8971 15
8972 15
8973 15
8974 15
8975 15
8976 15
8977 15
8978 15
8979 15
8980 15
8981 15
8982 15
8983 15
8984 15
8985 15
8986 15
8987 15
8988 15
8989 15
8990 15
8991 15
8992 15
8993 15
8994 0
8995 0
8996 0
8997 0
8998 0
8999 0
9000 0
9001 0
9002 0
9003 0
9004 0
9005 0
9006 0
9007 0
9008 0
9009 0
9010 0
9011 0
9012 0
9013 0
9014 0
9015 0
9016 0
9017 0
9018 0
9019 0
9020 0
9021 0
9022 0
9023 0
9024 0
9025 0
9026 0
9027 0
9028 0
9029 0
9030 0
9031 0
9032 0
9033 0
9034 0
9035 0
9036 1
9037 1
9038 1
9039 1
9040 1
9041 1
9042 1
9043 1
9044 1
9045 1
9046 1
9047 1
9048 1
9049 1
9050 1
9051 1
9052 1
9053 1
9054 1
9055 1
9056 1
9057 1
9058 1
9059 1
9060 1
9061 1
9062 1
9063 1
9064 1
9065 1
9066 1
9067 1
9068 1
9069 1
9070 1
9071 1
9072 1
9073 1
9074 1
9075 1
9076 1
9077 1
9078 1
9079 1
9080 1
9081 1
9082 1
9083 1
9084 1
9085 1
9086 1
9087 1
9088 1
9089 1
9090 1
9091 1
9092 1
9093 1
9094 1
9095 1
9096 2
9097 2
9098 2
9099 2
9100 2
9101 2
9102 2
9103 2
9104 2
9105 2
9106 2
9107 2
9108 2
9109 2
9110 2
9111 2
9112 2
9113 2
9114 2
9115 2
9116 2
9117 2
9118 2
9119 2
9120 2
9121 2
9122 2
9123 2
9124 2
9125 2
9126 2
9127 2
9128 2
9129 2
9130 2
9131 2
9132 2
9133 2
9134 2
9135 2
9136 2
9137 2
9138 3
9139 3
9140 3
9141 3
9142 3
9143 3
9144 3
9145 3
9146 3
9147 3
9148 3
9149 3
9150 3
9151 3
9152 3
9153 3
9154 3
9155 3
9156 3
9157 3
9158 3
9159 3
9160 3
9161 3
9162 3
9163 3
9164 3
9165 3
9166 3
9167 3
9168 3
9169 3
9170 3
9171 3
9172 3
9173 3
9174 3
9175 3
9176 3
9177 3
9178 3
9179 3
9180 3
9181 3
9182 3
9183 3
9184 4
9185 4
9186 4
9187 4
9188 4
9189 4
9190 4
9191 4
9192 4
9193 4
9194 4
9195 4
9196 4
9197 4
9198 4
9199 4
9200 4
9201 4
9202 4
9203 4
9204 4
9205 4
9206 4
9207 4
9208 4
9209 4
9210 4
9211 4
9212 4
9213 4
9214 4
9215 4
9216 4
9217 4
9218 4
9219 4
9220 4
9221 4
9222 4
9223 4
9224 4
9225 4
9226 4
9227 4
9228 4
9229 4
9230 4
9231 4
9232 4
9233 4
9234 4
9235 4
9236 4
9237 4
9238 4
9239 5
9240 5
9241 5
9242 5
9243 5
9244 5
9245 5
9246 5
9247 5
9248 5
9249 5
9250 5
9251 5
9252 5
9253 5
9254 5
9255 5
9256 5
9257 5
9258 5
9259 5
9260 5
9261 5
9262 5
9263 5
9264 5
9265 5
9266 5
9267 5
9268 5
9269 5
9270 5
9271 5
9272 5
9273 5
9274 5
9275 5
9276 5
9277 5
9278 5
9279 5
9280 5
9281 5
9282 5
9283 5
9284 5
9285 5
9286 5
9287 5
9288 5
9289 5
9290 5
9291 5
9292 5
9293 5
9294 5
9295 5
9296 5
9297 5
9298 5
9299 5
9300 5
9301 5
9302 5
9303 5
9304 5
9305 6
9306 6
9307 6
9308 6
9309 6
9310 6
9311 6
9312 6
9313 6
9314 6
9315 6
9316 6
9317 6
9318 6
9319 6
9320 6
9321 6
9322 6
9323 6
9324 6
9325 6
9326 6
9327 6
9328 6
9329 6
9330 6
9331 6
9332 6
9333 6
9334 6
9335 6
9336 6
9337 6
9338 6
9339 6
9340 7
9341 7
9342 7
9343 7
9344 7
9345 7
9346 7
9347 7
9348 7
9349 7
9350 7
9351 7
9352 7
9353 7
9354 7
9355 7
9356 7
9357 7
9358 7
9359 7
9360 7
9361 7
9362 7
9363 7
9364 7
9365 7
9366 7
9367 7
9368 7
9369 7
9370 7
9371 7
9372 7
9373 7
9374 7
9375 7
9376 7
9377 8
9378 8
9379 8
9380 8
9381 8
9382 8
9383 8
9384 8
9385 8
9386 8
9387 8
9388 8
9389 8
9390 8
9391 8
9392 8
9393 8
9394 8
9395 8
9396 8
9397 8
9398 8
9399 8
9400 8
9401 8
9402 8
9403 8
9404 8
9405 8
9406 8
9407 8
9408 8
9409 8
9410 8
9411 8
9412 8
9413 8
9414 8
9415 8
9416 8
9417 8
9418 8
9419 8
9420 8
9421 8
9422 8
9423 8
9424 8
9425 8
9426 8
9427 8
9428 8
9429 9
9430 9
9431 9
9432 9
9433 9
9434 9
9435 9
9436 9
9437 9
9438 9
9439 9
9440 9
9441 9
9442 9
9443 9
9444 9
9445 9
9446 9
9447 9
9448 9
9449 9
9450 9
9451 9
9452 9
9453 9
9454 9
9455 9
9456 9
9457 9
9458 9
9459 9
9460 9
9461 9
9462 9
9463 9
9464 9
9465 9
9466 9
9467 9
9468 9
9469 9
9470 9
9471 9
9472 9
9473 9
9474 9
9475 9
9476 9
9477 9
9478 9
9479 9
9480 9
9481 10
9482 10
9483 10
9484 10
9485 10
9486 10
9487 10
9488 10
9489 10
9490 10
9491 10
9492 10
9493 10
9494 10
9495 10
9496 10
9497 10
9498 10
9499 10
9500 10
9501 10
9502 10
9503 10
9504 10
9505 10
9506 10
9507 10
9508 10
9509 10
9510 10
9511 10
9512 10
9513 10
9514 10
9515 10
9516 10
9517 10
9518 10
9519 10
9520 10
9521 10
9522 10
9523 10
9524 10
9525 10
9526 10
9527 10
9528 10
9529 10
9530 10
9531 10
9532 10
9533 10
9534 10
9535 10
9536 11
9537 11
9538 11
9539 11
9540 11
9541 11
9542 11
9543 11
9544 11
9545 11
9546 11
9547 11
9548 11
9549 11
9550 11
9551 11
9552 11
9553 11
9554 11
9555 11
9556 11
9557 11
9558 11
9559 11
9560 11
9561 11
9562 11
9563 11
9564 11
9565 11
9566 11
9567 11
9568 11
9569 11
9570 11
9571 11
9572 11
9573 11
9574 11
9575 11
9576 11
9577 11
9578 11
9579 11
9580 11
9581 11
9582 11
9583 11
9584 11
9585 11
9586 11
9587 11
9588 11
9589 11
9590 11
9591 11
9592 11
9593 11
9594 11
9595 11
9596 11
9597 11
9598 11
9599 11
9600 11
9601 11
9602 11
9603 11
9604 11
9605 11
9606 11
9607 11
9608 11
9609 11
9610 11
9611 11
9612 11
9613 12
9614 12
9615 12
9616 12
9617 12
9618 12
9619 12
9620 12
9621 12
9622 12
9623 12
9624 12
9625 12
9626 12
9627 12
9628 12
9629 12
9630 12
9631 12
9632 12
9633 12
9634 12
9635 12
9636 12
9637 12
9638 12
9639 12
9640 12
9641 12
9642 12
9643 12
9644 12
9645 12
9646 12
9647 12
9648 12
9649 12
9650 12
9651 12
9652 12
9653 12
9654 12
9655 12
9656 12
9657 12
9658 12
9659 12
9660 12
9661 12
9662 12
9663 12
9664 12
9665 13
9666 13
9667 13
9668 13
9669 13
9670 13
9671 13
9672 13
9673 13
9674 13
9675 13
9676 13
9677 13
9678 13
9679 13
9680 13
9681 13
9682 13
9683 13
9684 13
9685 13
9686 13
9687 13
9688 13
9689 13
9690 13
9691 13
9692 13
9693 13
9694 13
9695 13
9696 13
9697 13
9698 13
9699 13
9700 13
9701 13
9702 13
9703 13
9704 13
9705 13
9706 13
9707 13
9708 13
9709 13
9710 13
9711 13
9712 13
9713 13
9714 13
9715 13
9716 13
9717 13
9718 13
9719 13
9720 13
9721 13
9722 13
9723 13
9724 13
9725 13
9726 13
9727 13
9728 13
9729 13
9730 13
9731 13
9732 13
9733 13
9734 13
9735 13
9736 13
9737 13
9738 13
9739 14
9740 14
9741 14
9742 14
9743 14
9744 14
9745 14
9746 14
9747 14
9748 14
9749 14
9750 14
9751 14
9752 14
9753 14
9754 14
9755 14
9756 14
9757 14
9758 14
9759 14
9760 14
9761 14
9762 14
9763 14
9764 14
9765 14
9766 14
9767 14
9768 14
9769 14
9770 14
9771 14
9772 14
9773 14
9774 14
9775 14
9776 14
9777 14
9778 14
9779 14
9780 14
9781 14
9782 14
9783 14
9784 15
9785 15
9786 15
9787 15
9788 15
9789 15
9790 15
9791 15
9792 15
9793 15
9794 15
9795 15
9796 15
9797 15
9798 15
9799 15
9800 15
9801 15
9802 15
9803 15
9804 15
9805 15
9806 15
9807 15
9808 15
9809 15
9810 15
9811 15
9812 15
9813 15
9814 15
9815 15
9816 15
9817 15
9818 15
9819 15
9820 15
9821 15
9822 15
9823 15
9824 15
9825 15
9826 15
9827 15
9828 15
9829 15
9830 15
9831 15
9832 15
9833 15
9834 15
9835 15
9836 15
9837 15
9838 15
9839 15
9840 15
9841 15
