9287 5
2354 15
5596 13
5311 9
1584 0
0663 13
8659 11
8884 13
1261 10
4140 3
8495 8
0696 14
0358 7
4284 6
8959 15
1733 4
7471 4
6322 12
1958 8
7829 11
8383 5
7713 9
0740 15
1019 5
0308 6
1558 0
0648 13
1398 12
5080 4
5640 15
9597 11
4513 10
5820 2
0214 4
9646 12
4718 13
3442 5
0210 4
6547 1
6611 2
1156 8
2995 13
8707 11
9640 12
7570 6
2621 5
1383 12
6960 10
0203 4
0754 15
4029 1
0314 6
0144 3
5850 3
2528 3
3524 8
7510 5
4696 12
4344 7
4460 9
0786 0
8900 14
9368 7
4479 9
7162 13
2573 4
3187 0
4975 2
1148 8
2230 13
9247 5
5995 6
7582 6
7647 8
1248 10
8538 8
0521 10
5672 15
0879 2
1257 10
0001 0
5192 6
9039 1
1685 2
9277 5
0241 5
0011 0
8791 12
0920 3
0458 9
9357 7
3416 5
6321 12
4444 9
3500 7
8995 0
6829 7
7716 9
2880 11
5641 15
2497 3
4174 4
3321 3
7837 11
5562 13
0828 1
9154 3
9143 3
3838 13
3926 15
2116 11
4129 3
3201 1
5100 4
0650 13
1719 3
9319 6
7556 6
9839 15
4765 13
3788 12
1427 13
3118 15
2215 13
3694 11
0217 4
7879 11
8906 14
1947 8
7089 12
5941 5
7129 13
0583 11
1346 11
1810 5
5573 13
0342 7
7585 6
2727 8
6545 1
6432 14
4545 10
0935 3
1793 5
2041 10
7994 13
4821 15
6427 14
5084 4
6616 2
1495 14
7327 1
1841 5
6528 0
7357 2
1784 5
9259 5
7840 11
8209 1
6940 9
6440 14
8035 14
7967 13
4603 11
1051 5
1149 8
6143 9
5066 4
1224 9
9546 11
7572 6
7331 1
4497 9
2387 0
7233 15
6715 4
6746 5
3610 9
2988 12
2774 8
0623 12
8485 7
3284 2
0813 0
8063 15
0606 12
7060 12
9145 3
3205 1
9140 3
8713 11
0495 10
1426 13
9608 11
2093 11
7132 13
9710 13
1236 9
4083 2
1177 8
3252 2
2030 10
8470 7
6029 7
8189 1
0369 7
3418 5
2861 10
1931 8
4207 5
5000 2
1577 0
3580 9
8360 5
3534 8
8842 13
6936 9
8644 10
5329 9
4885 0
4957 1
9399 8
3825 13
8518 8
1666 2
2256 13
0717 14
4539 10
6544 1
9101 2
9684 13
8668 11
9324 6
8251 2
8718 11
1331 11
5424 11
9091 1
8098 15
1551 15
2023 10
2701 7
4341 7
4921 1
2943 11
1523 15
7297 0
8219 2
0376 8
9097 2
5580 13
7913 12
8602 9
5181 6
1188 8
5087 4
6449 15
3114 15
8676 11
5392 10
4557 10
1153 8
4711 13
2508 3
2597 5
5855 3
1626 1
8638 10
0324 6
9436 9
6359 13
4283 6
6701 4
8509 8
7858 11
2285 14
7144 13
6689 4
5743 1
4943 1
8165 1
3982 0
1645 1
8984 15
8765 12
7892 12
4249 5
6817 7
9208 4
7417 3
7728 9
2895 11
5962 5
4333 7
9217 4
2096 11
5918 4
3864 14
8477 7
3275 2
5250 7
2859 10
3235 1
4024 1
3405 5
5183 6
3569 8
0471 9
9717 13
4684 12
6439 14
4377 8
2394 1
9677 13
2081 11
3804 13
7524 5
5282 8
9114 2
7455 4
2287 14
5267 8
9470 9
4823 15
2448 2
1681 2
2959 12
7736 9
1840 5
6126 9
6564 1
5034 3
4830 15
3385 4
6312 12
8783 12
6475 15
9815 15
0331 6
0620 12
3228 1
2196 13
3791 12
3107 15
7957 13
9317 6
0980 4
0722 14
8212 1
0254 5
5736 1
8172 1
3676 10
2717 7
4686 12
9397 8
5933 5
6895 9
8422 6
0236 4
7296 0
3823 13
2626 5
6617 2
0665 13
4985 2
2491 2
4937 1
2326 15
6789 6
1205 9
6636 3
4011 1
3159 0
7622 7
9600 11
5418 11
4687 12
8371 5
2906 11
7588 6
9166 3
6196 10
1020 5
3692 11
7466 4
6952 10
6113 9
2507 3
0391 8
3225 1
4282 6
0694 14
1638 1
0798 0
8677 11
3380 4
2380 0
0552 11
4313 6
9387 8
5217 7
7633 7
3251 2
3277 2
7045 11
2986 12
9296 5
1024 5
5388 10
4683 12
2890 11
7807 10
5881 4
1031 5
1745 4
0802 0
8592 9
6094 8
8144 0
5272 8
6519 0
2431 1
6849 8
3290 2
3124 15
4551 10
5648 15
0273 5
8118 15
4213 5
2829 9
8981 15
2659 6
3478 6
2499 3
7770 10
7281 0
1118 7
2165 12
3395 5
8006 13
9763 14
2729 8
0596 12
7623 7
2039 10
2320 15
3039 13
1079 6
0708 14
2076 11
3185 0
0121 2
8152 0
9327 6
1369 12
3541 8
3010 13
1324 11
8392 5
5029 3
3960 15
6424 14
2856 10
8414 5
0294 6
2518 3
9036 1
1404 13
0017 0
3226 1
8059 15
1576 0
8186 1
0195 4
0792 0
1497 14
3663 10
5174 5
8413 5
1510 15
9807 15
9233 4
6116 9
3820 13
8493 8
5972 5
1420 13
1659 2
6530 0
0008 0
6929 9
1450 13
2866 10
8869 13
0414 8
8385 5
6917 9
5657 15
6869 8
1337 11
0185 4
8847 13
5954 5
0832 1
8195 1
2669 6
6468 15
7093 12
2768 8
2919 11
4492 9
7422 3
8970 15
5389 10
4509 10
6144 9
6512 0
1226 9
8861 13
2846 10
8924 14
9700 13
7634 7
8406 5
0785 0
3183 0
5162 5
2080 11
3942 15
1630 1
9362 7
0081 1
0545 11
4468 9
5814 2
3099 15
7216 15
9705 13
2170 12
1058 5
6101 8
7447 4
8004 13
1105 7
3614 9
7961 13
7333 1
7755 10
8621 10
6303 12
6076 8
3323 3
8576 9
6552 1
4605 11
8595 9
8963 15
8815 13
6477 15
7090 12
6861 8
9722 13
9412 8
5893 4
2286 14
2759 8
1139 7
0661 13
4777 14
8250 2
2804 9
5295 8
3476 6
9701 13
2007 9
0340 7
3132 15
3280 2
4834 15
2860 10
5619 14
0129 2
0903 2
3853 13
3816 13
9442 9
7287 0
0503 10
9820 15
7804 10
0377 8
3371 4
7845 11
4733 13
9408 8
1767 4
4042 1
3502 7
3736 11
3262 2
3644 10
8872 13
9321 6
1915 7
1795 5
6598 2
1067 6
6494 15
5103 4
9584 11
2537 4
3906 14
7102 12
1464 14
8181 1
8941 14
8925 14
7337 1
9552 11
4484 9
2720 7
3598 9
0116 2
1807 5
2147 12
1175 8
7057 12
3913 15
1702 3
4503 9
2343 15
0957 4
1161 8
2319 15
9370 7
2408 1
8237 2
0523 10
8341 4
6673 3
0252 5
9173 3
0029 0
9200 4
3986 0
2842 10
2630 5
6352 13
3471 6
1060 5
9497 10
1069 6
7689 8
0024 0
7968 13
2661 6
6553 1
6558 1
8762 12
7205 14
1418 13
4770 13
1362 12
2763 8
7372 2
4337 7
2313 15
8918 14
1378 12
0023 0
7871 11
8988 15
5398 10
0745 15
1370 12
2347 15
9714 13
3752 12
7884 12
4026 1
2688 7
7371 2
5676 15
3517 7
7749 10
3988 0
1343 11
0086 1
0711 14
1293 11
3113 15
8472 7
2233 13
3593 9
0272 5
6241 11
0954 4
2415 1
0689 14
7509 5
4846 15
3215 1
5197 6
6771 6
7758 10
2912 11
2596 5
7082 12
6207 10
3157 0
4275 5
2289 14
4348 7
2281 14
1822 5
9033 0
3876 14
7473 4
7393 2
0512 10
8086 15
7786 10
7822 11
2969 12
8507 8
4826 15
0675 13
6684 4
5714 0
3065 14
3605 9
0563 11
4092 2
6943 9
4877 0
4410 8
2944 11
2055 10
7427 3
5396 10
3080 14
6491 15
5649 15
0507 10
1955 8
3591 9
0099 2
7128 13
5168 5
2733 8
6176 10
4195 4
3071 14
5239 7
1194 8
7193 14
8674 11
7146 13
1585 0
1070 6
9144 3
2566 4
6067 8
8892 13
9527 10
8529 8
5477 11
4601 11
8704 11
9708 13
0113 2
7228 15
3253 2
3417 5
0811 0
8223 2
4467 9
4645 11
5719 0
4364 7
9512 10
7298 0
1410 13
7186 14
3175 0
1943 8
0015 0
9467 9
8159 0
7523 5
6227 11
4168 4
8539 8
1471 14
1926 8
6867 8
6095 8
0932 3
4991 2
9338 6
8690 11
4794 14
8466 7
0576 11
4958 1
4117 3
5279 8
1765 4
0510 10
5487 12
6568 1
4931 1
5222 7
1575 0
8080 15
0844 1
1246 10
3700 11
6538 1
6149 9
3633 10
4131 3
7561 6
8680 11
7805 10
3723 11
8513 8
3212 1
8088 15
8358 5
6429 14
0126 2
0591 11
3709 11
3546 8
2488 2
7191 14
3428 5
9041 1
0691 14
7085 12
0323 6
3409 5
5488 12
5120 4
7732 9
7105 12
1049 5
3338 4
6318 12
6874 8
5001 2
6192 10
6179 10
7743 9
0647 13
6799 7
4350 7
4339 7
6733 5
2477 2
9449 9
3980 0
2973 12
5086 4
7036 11
4817 15
3368 4
0961 4
1366 12
5992 6
3570 8
0805 0
2674 6
0902 2
5417 11
0352 7
0403 8
8811 13
5157 5
7667 8
1502 15
7131 13
8260 2
6502 0
4597 11
8409 5
5765 1
2920 11
7503 5
5721 0
9060 1
8706 11
9696 13
1422 13
2672 6
7781 10
3461 6
9024 0
9102 2
0947 4
7021 11
7049 11
7520 5
2532 4
6013 6
5911 4
9404 8
3672 10
4125 3
7305 1
7401 3
7941 13
9112 2
6147 9
9379 8
4039 1
1946 8
8673 11
7030 11
1406 13
4100 2
3975 0
0667 13
0859 1
5806 2
2511 3
3529 8
8749 11
2725 8
1298 11
1706 3
5853 3
5898 4
7439 4
8325 4
5839 3
5878 4
5320 9
1102 6
0525 10
4966 1
8183 1
3048 13
3990 0
5075 4
5472 11
7472 4
0601 12
7919 12
1791 5
5062 4
6948 10
1900 7
6028 7
4177 4
2897 11
3686 11
8091 15
7373 2
4725 13
3180 0
7291 0
2082 11
3691 11
5007 2
7694 9
8073 15
7932 13
1095 6
4751 13
3675 10
9054 1
1670 2
0790 0
2180 12
6805 7
4475 9
4858 15
9602 11
6918 9
8983 15
7579 6
6107 8
5982 6
6807 7
6527 0
1220 9
4003 0
5030 3
5625 14
7437 4
0058 1
6878 8
5552 13
1068 6
1751 4
7554 5
9673 13
8273 3
5310 9
0613 12
2904 11
0381 8
3798 12
6662 3
3794 12
2218 13
6448 15
6219 11
6434 14
4294 6
1698 3
4549 10
1961 8
0590 11
9558 11
3766 12
5384 10
0660 13
3012 13
5790 2
4093 2
9557 11
8108 15
6191 10
6478 15
5461 11
6285 11
6704 4
1032 5
6565 1
1381 12
0993 5
8689 11
9042 1
7954 13
0353 7
8061 15
2032 10
7839 11
4066 1
4863 15
7693 9
7046 11
8494 8
9049 1
1023 5
2802 9
0190 4
8505 8
7123 13
4062 1
8326 4
2984 12
5660 15
9286 5
5385 10
4520 10
7001 10
0698 14
6909 9
6537 1
0172 3
7313 1
8640 10
9017 0
1980 9
9318 6
1135 7
3706 11
4566 11
5811 2
4226 5
3537 8
3337 4
6971 10
2407 1
7654 8
3739 11
8138 0
4585 11
6623 2
4712 13
2833 10
6658 3
4489 9
5014 2
0549 11
2054 10
8309 4
3067 14
2571 4
3327 3
1550 15
4050 1
2208 13
5498 12
8552 9
5015 2
5415 11
6651 3
1239 9
4308 6
4641 11
2182 12
5966 5
7684 8
5486 12
5114 4
4652 12
7497 5
5597 14
3802 13
1361 12
4078 2
1123 7
0530 10
2694 7
6569 1
0842 1
7174 14
0238 5
7857 11
2654 6
1660 2
2290 14
6414 14
8761 12
5786 2
9416 8
0260 5
6218 11
5179 6
7714 9
6056 8
4947 1
1415 13
0871 2
4428 8
3196 1
5986 6
3009 13
0078 1
8143 0
7066 12
5622 14
1640 1
1773 4
1853 6
1770 4
0228 4
8867 13
4740 13
1279 10
6031 7
6244 11
6070 8
9613 12
9441 9
4965 1
9555 11
8725 11
5231 7
3231 1
3773 12
8702 11
2102 11
7183 14
7179 14
9583 11
4060 1
0716 14
8558 9
8333 4
6162 10
3330 3
5518 12
3903 14
5016 2
4771 13
5938 5
4088 2
3514 7
7535 5
3189 1
4498 9
3772 12
2409 1
5874 4
1858 6
8146 0
6480 15
8960 15
1492 14
7343 1
5559 13
7921 12
9127 2
8821 13
3866 14
3871 14
1375 12
0860 1
0775 15
6925 9
5134 5
3595 9
9301 5
3507 7
5598 14
4051 1
6654 3
7280 0
3783 12
1556 0
4122 3
8805 12
7929 13
8068 15
3102 15
5427 11
6171 10
5337 9
3392 5
5111 4
3178 0
3665 10
1742 4
3090 14
2461 2
4189 4
9699 13
4879 0
0451 9
9351 7
3470 6
4068 1
9043 1
0459 9
7794 10
0941 3
6540 1
6225 11
7059 12
4445 9
8827 13
4779 14
8496 8
7498 5
9130 2
5691 0
8302 4
9528 10
0054 1
8113 15
0916 3
4452 9
6466 15
5677 15
6455 15
5248 7
9081 1
8177 1
1567 0
7896 12
0480 9
0684 13
0429 9
0135 2
6500 0
6182 10
9748 14
4260 5
0253 5
8957 15
4148 3
5868 4
7864 11
9806 15
8153 0
0016 0
0769 15
4600 11
1725 3
6615 2
1203 9
2548 4
9083 1
3789 12
3717 11
3094 14
8763 12
8065 15
1716 3
6447 15
2719 7
8853 13
3014 13
0970 4
4223 5
9588 11
9789 15
1964 8
1119 7
7811 10
2529 3
7741 9
2510 3
5047 3
8717 11
7825 11
4851 15
8469 7
0533 11
7219 15
2248 13
8911 14
7922 12
5957 5
7514 5
1134 7
8158 0
7725 9
0455 9
5737 1
6313 12
4013 1
7997 13
9753 14
0743 15
1496 14
9765 14
2150 12
0747 15
6669 3
6319 12
4964 1
7797 10
6852 8
5186 6
1213 9
6656 3
3978 0
6421 14
0073 1
8670 11
8829 13
7077 12
5667 15
1533 15
1563 0
7950 13
8271 3
4449 9
8154 0
0989 4
1696 3
0299 6
5499 12
5581 13
2945 12
4147 3
1505 15
0964 4
2977 12
4302 6
3952 15
0678 13
4417 8
2026 10
5242 7
6683 4
5701 0
8307 4
4760 13
8770 12
3979 0
9134 2
3112 15
3332 3
2690 7
0551 11
5977 5
1826 5
9256 5
9783 14
8095 15
1009 5
6975 10
8375 5
2800 9
0053 1
3657 10
3582 9
1232 9
6532 0
2059 10
4666 12
7107 12
0768 15
7087 12
5426 11
9234 4
0496 10
7865 11
4439 8
4435 8
7808 10
4476 9
6021 7
2650 6
5004 2
5199 6
2716 7
1591 1
7772 10
5428 11
3549 8
0891 2
4054 1
5801 2
5360 9
0317 6
0572 11
1050 5
3091 14
4682 12
8170 1
2599 5
8429 6
5394 10
9289 5
4405 8
3949 15
5577 13
7590 6
7086 12
2718 7
3827 13
7425 3
0196 4
3964 15
4306 6
1851 6
7581 6
5709 0
4262 5
4416 8
8221 2
4483 9
8735 11
3740 11
2036 10
3893 14
0710 14
2109 11
3670 10
4827 15
3759 12
5717 0
9034 0
1862 6
2826 9
3464 6
1637 1
8047 14
1363 12
6047 7
2247 13
7923 12
4107 2
3432 5
4637 11
3817 13
7757 10
4980 2
7543 5
5829 3
8398 5
0364 7
3645 10
4709 13
1303 11
7189 14
3539 8
2421 1
3834 13
4590 11
6854 8
1344 11
5890 4
3613 9
0432 9
7478 4
7418 3
0657 13
3213 1
3083 14
8641 10
9687 13
1434 13
8826 13
3197 1
3146 15
8136 0
7909 12
9020 0
4082 2
1092 6
3377 4
8940 14
8331 4
4607 11
1794 5
1593 1
0855 1
3693 11
5027 3
4049 1
1888 7
4927 1
3785 12
7064 12
0065 1
1657 2
4162 4
9777 14
9471 9
1707 3
0649 13
0430 9
0884 2
7243 15
6827 7
1932 8
9518 10
9621 12
1313 11
8203 1
1798 5
1623 1
1491 14
6786 6
9651 12
0266 5
5006 2
5904 4
0720 14
9001 0
4426 8
2671 6
1879 6
5503 12
9830 15
7416 3
7012 11
1852 6
6030 7
1066 5
9355 7
7276 0
8382 5
4221 5
8425 6
3782 12
5275 8
3084 14
1680 2
8964 15
5343 9
7759 10
8373 5
6695 4
3351 4
0082 1
7849 11
3704 11
3761 12
4930 1
1274 10
6906 9
7326 1
1063 5
2373 0
7685 8
1984 9
1183 8
9724 13
9743 14
5521 12
2135 11
8553 9
3064 14
7723 9
7062 12
2741 8
8248 2
7231 15
3950 15
6792 6
1920 8
7648 8
1762 4
6277 11
8173 1
1299 11
8090 15
5638 15
5964 5
7250 15
6358 13
3849 13
4005 0
7692 9
6974 10
8278 3
1903 7
1757 4
5002 2
7894 12
7827 11
5280 8
4704 13
6451 15
4941 1
3307 3
1501 15
0762 15
6354 13
4608 11
8975 15
8503 8
0713 14
9133 2
0550 11
7710 9
4365 7
3238 1
5568 13
0140 2
5772 1
0343 7
7016 11
9236 4
8239 2
6506 0
4169 4
9188 4
1960 8
3144 15
9496 10
3956 15
1972 9
0677 13
6814 7
0289 5
9184 4
3953 15
0199 4
9796 15
8612 10
3914 15
5548 13
8117 15
6412 14
4659 12
6195 10
6151 9
3443 6
1081 6
5377 10
9560 11
6376 13
0515 10
3728 11
1222 9
9304 5
7378 2
8863 13
2089 11
0284 5
4222 5
8287 3
8601 9
0904 2
9315 6
4061 1
9513 10
1898 7
8795 12
3462 6
2807 9
3237 1
4317 6
3930 15
7855 11
3089 14
3749 11
3891 14
3730 11
3150 0
3357 4
1632 1
7596 6
7696 9
9585 11
1759 4
1951 8
2633 5
2767 8
4486 9
7158 13
7777 10
2785 9
0826 1
7215 15
5942 5
5506 12
5164 5
3917 15
8339 4
3210 1
5652 15
0046 1
1866 6
2413 1
1029 5
6919 9
6588 2
4611 11
7826 11
6217 11
4970 2
4165 4
2365 0
6950 10
3317 3
7938 13
7323 1
8049 14
3800 13
8506 8
9090 1
9361 7
0998 5
5879 4
9237 4
5653 15
9253 5
8033 14
4292 6
8350 5
3599 9
9697 13
4804 14
9364 7
9105 2
5687 15
9631 12
7887 12
7163 13
2788 9
5431 11
3024 13
0866 2
5932 5
5590 13
8384 5
9216 4
0448 9
4459 9
9196 4
5332 9
1028 5
8572 9
2370 0
3872 14
2090 11
5355 9
8160 0
5144 5
0484 10
6835 8
8942 14
2709 7
0120 2
0431 9
8939 14
2728 8
9427 8
4573 11
1082 6
8797 12
5462 11
1548 15
6248 11
3560 8
0021 0
7465 4
0077 1
4967 1
3735 11
3246 2
0397 8
1519 15
3400 5
1804 5
2602 5
7640 8
1036 5
6959 10
9619 12
3044 13
3862 13
4627 11
0112 2
2581 4
2934 11
4041 1
2556 4
7944 13
7960 13
5604 14
1617 1
8166 1
7482 4
4741 13
9455 9
7329 1
6361 13
9828 15
2498 3
5694 0
2782 9
6986 10
5356 9
2136 11
6610 2
8200 1
6757 5
5485 12
6051 7
1825 5
0749 15
0931 3
2549 4
7377 2
8400 5
0584 11
4397 8
1877 6
6951 10
3615 9
5379 10
1340 11
6297 12
3843 13
5554 13
8204 1
5440 11
6908 9
3372 4
6823 7
2604 5
8128 0
0504 10
4001 0
0618 12
2594 5
6256 11
0056 1
1384 12
9569 11
9439 9
3637 10
1872 6
9313 6
9278 5
6090 8
6955 10
2349 15
2462 2
9161 3
7460 4
7688 8
3829 13
2907 11
2445 1
5219 7
6334 12
4815 15
9076 1
8230 2
5578 13
6754 5
7432 3
2578 4
0690 14
9428 8
1229 9
8617 10
4810 14
7376 2
1520 15
3233 1
7739 9
5281 8
8481 7
1219 9
4464 9
6460 15
5478 12
8349 4
4915 1
5278 8
1546 15
0488 10
6037 7
2367 0
6682 4
5258 8
2137 11
5662 15
9328 6
4615 11
3063 14
3910 14
1018 5
8255 2
8859 13
3555 8
5929 5
9481 10
6200 10
3425 5
6724 5
5934 5
0229 4
4526 10
7901 12
4803 14
3576 9
0239 5
4277 6
5249 7
1144 8
0656 13
4127 3
9117 2
1570 0
3664 10
8297 3
4111 2
5537 13
1443 13
2787 9
0642 13
4422 8
2620 5
2310 15
2882 11
5054 3
5892 4
6364 13
2834 10
7784 10
4015 1
1513 15
6857 8
2490 2
8628 10
2132 11
1521 15
2579 4
0643 13
4663 12
3322 3
9825 15
4432 8
0321 6
0659 13
5251 8
9007 0
7507 5
3708 11
4987 2
5236 7
4136 3
8397 5
5645 15
5093 4
1788 5
7908 12
4887 0
1514 15
4217 5
0546 11
8437 6
6886 9
4075 2
3029 13
2033 10
9389 8
0958 4
6292 12
9821 15
3527 8
3129 15
0327 6
8334 4
2749 8
6311 12
6381 13
2795 9
4253 5
5005 2
3182 0
1189 8
0841 1
0097 2
3318 3
4508 10
6228 11
5791 2
9826 15
4569 11
2756 8
9750 14
0153 3
7859 11
8364 5
6335 12
6981 10
1615 1
8462 7
5033 3
4402 8
3365 4
2514 3
5726 0
5582 13
0326 6
5493 12
3562 8
3586 9
5688 15
1834 5
9477 9
2143 11
1365 12
4030 1
2539 4
0526 10
7985 13
2457 2
2463 2
4625 11
6737 5
8563 9
2304 14
7449 4
2816 9
6613 2
1270 10
4845 15
0703 14
1787 5
5078 4
4990 2
7405 3
8475 7
6885 9
4988 2
7319 1
8257 2
5137 5
8249 2
1552 15
4178 4
7309 1
3775 12
3147 15
5243 7
6720 4
2610 5
1488 14
0034 0
5968 5
0145 3
5193 6
0355 7
8314 4
0900 2
9835 15
7900 12
9545 11
4126 3
6606 2
6783 6
7615 7
3176 0
0486 10
3398 5
3830 13
9360 7
2981 12
1468 14
0567 11
6278 11
2870 10
4453 9
9704 13
4713 13
6272 11
1580 0
0556 11
9805 15
0018 0
9752 14
4115 3
9482 10
9758 14
9503 10
8523 8
8665 11
9254 5
0640 13
8227 2
8694 11
9195 4
3474 6
2600 5
8265 3
1417 13
5463 11
6822 7
6370 13
4716 13
8106 15
7976 13
9273 5
1823 5
3878 14
5123 5
8060 15
3423 5
1441 13
4330 7
3870 14
4699 12
7237 15
5741 1
4893 0
2293 14
3255 2
0750 15
5143 5
0467 9
2695 7
1892 7
5031 3
5319 9
7737 9
8578 9
1541 15
5557 13
4128 3
1775 4
3381 4
4155 4
6323 12
2583 4
6503 0
0872 2
6146 9
6266 11
2238 13
3342 4
4304 6
9614 12
5937 5
3172 0
7533 5
3005 13
3961 15
6216 11
1581 0
8586 9
3467 6
9100 2
1555 0
8756 12
9682 13
8431 6
0731 14
6169 10
1258 10
5856 3
4575 11
5730 1
5022 3
2711 7
2424 1
5921 4
7990 13
6324 12
8224 2
8817 13
9378 8
3996 0
8064 15
0637 13
2705 7
9165 3
1193 8
9410 8
4328 7
3661 10
5401 10
0462 9
4595 11
9637 12
0211 4
2605 5
6189 10
7027 11
3022 13
6525 0
4844 15
6785 6
3590 9
5761 1
4368 7
8895 13
6958 10
3655 10
0875 2
7238 15
9382 8
4170 4
8818 13
6062 8
0497 10
2344 15
1677 2
2471 2
2284 14
5768 1
8946 15
5696 0
3682 10
2425 1
8542 8
7964 13
1466 14
3899 14
6594 2
6784 6
0763 15
1686 2
9691 13
4007 0
5349 9
0744 15
6032 7
2466 2
8294 3
6961 10
6213 10
3957 15
3653 10
6081 8
2267 14
0782 0
2812 9
5599 14
4209 5
7182 14
4630 11
6772 6
7444 4
1914 7
7775 10
3260 2
8264 3
5260 8
7362 2
7812 10
2475 2
2340 15
7936 13
8137 0
5300 8
5195 6
8005 13
8480 7
0918 3
2779 8
6072 8
4361 7
7910 12
7835 11
6160 10
7828 11
0139 2
4554 10
4822 15
2056 10
5138 5
2524 3
1022 5
6034 7
7350 1
8070 15
0423 8
0149 3
8803 12
0724 14
8322 4
5056 3
2493 3
1090 6
7256 15
7491 5
0807 0
7496 5
8244 2
4728 13
7830 11
5642 15
5771 1
0380 8
6770 6
6002 6
4386 8
0291 5
0465 9
4305 6
6984 10
0473 9
9495 10
7712 9
4872 15
8171 1
3137 15
4343 7
6921 9
8168 1
5091 4
1416 13
7230 15
3531 8
4530 10
0124 2
9116 2
1011 5
8908 14
3755 12
0580 11
9294 5
2161 12
9563 11
2967 12
2403 1
0945 4
7161 13
4775 14
3445 6
2769 8
6796 7
8336 4
5305 8
3863 14
9332 6
6933 9
7898 12
8804 12
8757 12
9375 7
9582 11
6336 12
7157 13
3440 5
6473 15
1969 9
7505 5
6931 9
5444 11
2533 4
9462 9
7263 0
4441 9
9461 9
0599 12
0812 0
4424 8
1394 12
8324 4
0481 10
1414 13
1652 2
2073 10
8145 0
2255 13
2192 12
7722 9
7904 12
9444 9
6781 6
8532 8
2828 9
3097 15
5036 3
3087 14
2726 8
4199 4
5021 3
0687 13
5296 8
5045 3
2519 3
2100 11
9617 12
1610 1
8614 10
4912 1
0605 12
0283 5
8089 15
6379 13
7891 12
1071 6
9160 3
4360 7
9061 1
5468 11
5481 12
6360 13
8421 6
4786 14
9472 9
8055 14
1511 15
8121 15
7236 15
4389 8
3743 11
5038 3
7605 7
6124 9
0202 4
4053 1
3465 6
3579 9
9300 5
2120 11
5781 2
9129 2
0531 10
8927 14
0233 4
2004 9
8328 4
1015 5
4193 4
0771 15
8724 11
0418 8
8642 10
5088 4
6739 5
7234 15
1109 7
3154 0
0679 13
4563 11
3992 0
5110 4
5773 1
4519 10
1905 7
3619 9
6064 8
4898 0
4098 2
1400 13
5891 4
8056 14
6020 7
6396 13
2101 11
6325 12
5071 4
9235 4
4933 1
7279 0
8099 15
4618 11
1087 6
3458 6
4852 15
6740 5
0728 14
2612 5
7889 12
2933 11
6332 12
4548 10
9689 13
2297 14
8093 15
3240 1
0166 3
0564 11
1308 11
3194 1
2527 3
2062 10
9067 1
7493 5
9794 15
6691 4
9454 9
3695 11
2790 9
0362 7
9261 5
2903 11
2613 5
8693 11
9148 3
5012 2
2173 12
0699 14
1831 5
1356 12
3122 15
0732 14
3792 12
1899 7
2655 6
3250 2
1756 4
4515 10
5794 2
7232 15
5832 3
8051 14
4137 3
6104 8
1653 2
9383 8
4000 0
4298 6
1704 3
7594 6
8014 14
3510 7
1163 8
0621 12
1254 10
5734 1
7665 8
2486 2
2106 11
7409 3
2099 11
4533 10
2142 11
6390 13
2378 0
7359 2
4288 6
4705 13
6507 0
6039 7
7072 12
4691 12
6902 9
5344 9
8280 3
9453 9
6910 9
5436 11
2997 13
8808 12
7210 15
2454 2
8550 9
2494 3
4726 13
7717 9
3603 9
7407 3
0255 5
7292 0
6420 14
4355 7
6351 13
5102 4
1259 10
0646 13
6692 4
8753 11
9448 9
3760 12
1007 5
7958 13
3294 3
1368 12
7008 11
0274 5
2980 12
3243 2
4555 10
4763 13
4470 9
0209 4
4474 9
6638 3
3375 4
5647 15
6674 3
9249 5
1342 11
5490 12
3126 15
1673 2
8544 8
4870 15
1614 1
8864 13
0234 4
1445 13
8100 15
6712 4
0339 7
9800 15
5277 8
7332 1
2369 0
6045 7
7529 5
9168 3
6109 9
7124 13
8547 9
7074 12
5907 4
6004 6
7619 7
0251 5
3152 0
1329 11
2422 1
4481 9
9726 13
2283 14
1661 2
1572 0
7609 7
6092 8
7135 13
2001 9
0587 11
0753 15
2858 10
1430 13
7197 14
6811 7
9674 13
6123 9
6899 9
3448 6
6197 10
4570 11
2876 10
9103 2
0588 11
5208 6
1648 2
0778 15
7603 7
8030 14
5585 13
0933 3
9197 4
8501 8
7067 12
5550 13
7355 2
7221 15
0363 7
0519 10
6741 5
9702 13
1128 7
9507 10
6188 10
4079 2
0388 8
8317 4
4158 4
4415 8
0796 0
6074 8
2315 15
9626 12
8390 5
8456 7
0123 2
2867 10
1273 10
3545 8
8697 11
6595 2
6550 1
1560 0
9824 15
7115 13
7178 14
2712 7
9686 13
7083 12
2145 11
4251 5
8286 3
6711 4
6038 7
6508 0
8887 13
6041 7
5783 2
3674 10
0638 13
9015 0
5368 10
4359 7
7628 7
1373 12
7175 14
1243 10
0869 2
3376 4
6753 5
0155 3
5845 3
1357 12
7531 5
7127 13
5979 6
3484 7
1891 7
9339 6
3206 1
0742 15
1864 6
4347 7
5805 2
0597 12
8367 5
0624 12
9755 14
9038 1
3698 11
4152 3
1065 5
7023 11
7245 15
1179 8
8313 4
1304 11
3095 14
1768 4
1619 1
6998 10
4182 4
3808 13
4593 11
5566 13
4398 8
1836 5
4473 9
8711 11
6252 11
1655 2
2235 13
2079 11
9411 8
2355 0
1154 8
8669 11
8579 9
4409 8
2105 11
0346 7
7177 14
1639 1
5632 14
4596 11
8845 13
0245 5
9182 3
6802 7
4656 12
6509 0
9466 9
1057 5
3040 13
9536 11
6119 9
3763 12
4331 7
3446 6
0736 15
0297 6
2679 6
2692 7
9573 11
9075 1
5057 3
4020 1
7113 13
0374 7
7095 12
6777 6
8161 1
3554 8
7566 6
9559 11
7255 15
8388 5
3501 7
1780 5
7426 3
2360 0
5395 10
2433 1
6978 10
6184 10
6357 13
8511 8
1334 11
1723 3
4411 8
6153 9
7762 10
0037 1
8836 13
1306 11
6479 15
3489 7
3460 6
9048 1
1748 4
3568 8
0162 3
4904 0
0854 1
6875 8
5607 14
9741 14
5679 15
2796 9
7022 11
4150 3
9685 13
7899 12
8370 5
2298 14
8134 0
6333 12
8961 15
4274 5
3297 3
1124 7
4383 8
5727 1
4114 2
7054 11
8046 14
1561 0
0688 14
7866 11
3756 12
2481 2
8315 4
7492 5
9834 15
9589 11
8841 13
6317 12
9204 4
6778 6
6022 7
2550 4
7578 6
8048 14
0505 10
0631 13
7395 2
0518 10
6138 9
1749 4
2456 2
4392 8
0420 8
5216 7
5613 14
2153 12
2559 4
9592 11
3354 4
7452 4
2324 15
6202 10
5069 4
5749 1
3422 5
6744 5
4592 11
2982 12
2714 7
8789 12
9214 4
7776 10
8459 7
4881 0
1272 10
0039 1
9009 0
3353 4
4793 14
4626 11
0612 12
4837 15
7851 11
5402 10
7217 15
4955 1
9489 10
1262 10
6181 10
7202 14
4841 15
7295 0
8639 10
3479 7
5754 1
2060 10
7273 0
1820 5
6406 14
4703 13
2840 10
6859 8
3320 3
1374 12
8403 5
6694 4
5545 13
0979 4
1326 11
9219 4
8214 2
2251 13
0262 5
8877 13
2400 1
1249 10
3814 13
2438 1
4430 8
9415 8
6964 10
6236 11
0469 9
7676 8
7687 8
9155 3
7410 3
0672 13
7918 12
5990 6
0712 14
1727 3
2770 8
4883 0
2338 15
7917 12
9537 11
6561 1
5884 4
4436 8
6534 0
0719 14
1137 7
3106 15
6554 1
2649 5
3499 7
8788 12
7730 9
8692 11
5194 6
9816 15
3358 4
5987 6
9003 0
5828 3
4285 6
0852 1
4349 7
1251 10
3819 13
3857 13
5008 2
8799 12
4499 9
3082 14
3925 15
5336 9
0463 9
9529 10
4388 8
3846 13
5823 3
5293 8
0868 2
2931 11
8377 5
4191 4
8643 10
1616 1
9641 12
6016 7
1977 9
9657 12
0705 14
0861 1
2391 0
9023 0
3630 9
9731 13
9218 4
2916 11
2328 15
6224 11
1107 7
1544 15
3921 15
5852 3
7729 9
0409 8
5756 1
4797 14
1865 6
9177 3
7548 5
5265 8
9443 9
9492 10
0354 7
1998 9
8335 4
8605 10
7801 10
1130 7
6679 4
6132 9
5112 4
2337 15
3007 13
6428 14
8830 13
6122 9
4849 15
7110 13
5555 13
0878 2
9661 12
7690 9
7099 12
3713 11
2681 6
3513 7
1241 10
8754 11
8739 11
1108 7
2257 13
3086 14
2664 6
5350 9
5315 9
8188 1
9322 6
3282 2
4840 15
7824 11
3209 1
5340 9
7399 3
9804 15
3642 10
1151 8
7274 0
3696 11
2722 7
7411 3
8348 4
6764 6
9376 7
5827 3
3550 8
2651 6
2619 5
8252 2
1392 12
1950 8
6937 9
1027 5
9797 15
3096 14
3970 0
3051 14
8419 6
0181 3
0249 5
8285 3
6229 11
7005 10
6533 0
6418 14
6063 8
7244 15
9431 9
7642 8
3689 11
3419 5
3098 15
6161 10
2266 14
7653 8
0050 1
0921 3
0685 13
4522 10
6419 14
9422 8
5769 1
8293 3
5810 2
0437 9
3382 4
5202 6
5998 6
6816 7
9683 13
3396 5
7358 2
5297 8
6993 10
8087 15
3622 9
8604 10
0539 11
3441 5
4891 0
5507 12
8261 2
5097 4
6305 12
0243 5
4036 1
2314 15
2200 13
8247 2
4010 1
4558 10
0085 1
2892 11
7584 6
1376 12
3821 13
0670 13
1962 8
3641 10
9456 9
2552 4
5502 12
8105 15
6726 5
5514 12
0098 2
0350 7
3905 14
1399 12
3265 2
8554 9
4485 9
1132 7
1316 11
1286 11
5081 4
2939 11
1711 3
3061 14
8216 2
3104 15
5322 9
7142 13
8253 2
5245 7
7307 1
5028 3
3192 1
8919 14
8655 10
4836 15
7704 9
3306 3
3383 4
8362 5
1301 11
1444 13
3902 14
8354 5
1112 7
1896 7
4995 2
8726 11
0307 6
1509 15
9501 10
8510 8
9483 10
5255 8
7942 13
1569 0
2031 10
5446 11
2130 11
2410 1
6185 10
0220 4
0010 0
1292 11
5664 15
6458 15
3411 5
3634 10
1113 7
6625 2
8705 11
8715 11
1170 8
8308 4
8691 11
7678 8
5035 3
6391 13
2362 0
6535 0
0396 8
8434 6
0707 14
5697 0
3485 7
1454 14
8174 1
6660 3
1046 5
6592 2
6894 9
1683 2
1911 7
8839 13
6345 13
8515 8
4502 9
5955 5
3998 0
0186 4
1409 13
2452 2
4638 11
4437 8
2357 0
8530 8
9057 1
3004 13
0604 12
8723 11
5864 4
8727 11
1867 6
6053 7
0295 6
6205 10
2917 11
3528 8
5723 0
6264 11
9395 8
6991 10
2954 12
2341 15
8077 15
3851 13
1111 7
0170 3
7380 2
7214 15
5489 12
1247 10
2921 11
1715 3
1145 8
3703 11
2381 0
5859 3
3589 9
5735 1
0816 1
3347 4
1602 1
6793 6
8840 13
3508 7
8069 15
0395 8
3108 15
6661 3
8768 12
3621 9
0449 9
4954 1
3658 10
4977 2
0424 8
0845 1
4552 10
2584 5
0949 4
6411 14
7080 12
3608 9
4427 8
8782 12
2269 14
7810 10
3915 15
7882 11
6982 10
5190 6
2168 12
7484 4
9793 15
2975 12
9226 4
9493 10
9734 13
3780 12
8135 0
7381 2
2723 7
7051 11
4924 1
4701 12
7469 4
8337 4
0857 1
5414 11
3257 2
0858 1
2066 10
8559 9
2744 8
8874 13
1171 8
4188 4
9435 9
8442 6
9088 1
9487 10
5798 2
5725 0
7907 12
2122 11
7171 14
8778 12
7361 2
9381 8
9228 4
1447 13
2501 3
1182 8
3690 11
4978 2
1913 7
7316 1
6158 9
3815 13
0999 5
6926 9
6054 7
5764 1
2713 7
5952 5
5042 3
3023 13
3078 14
1162 8
5090 4
9369 7
6296 12
8695 11
4094 2
4997 2
7652 8
7117 13
7213 15
4352 7
2704 7
4233 5
8497 8
3324 3
4198 4
9401 8
6824 7
7847 11
0157 3
9302 5
0809 0
3680 10
5327 9
2240 13
1518 15
7657 8
4379 8
2399 1
9498 10
2435 1
1017 5
0522 10
6271 11
7670 8
9451 9
6220 11
4578 11
6868 8
1970 9
5178 6
6841 8
8787 12
2227 13
2957 12
3877 14
0895 2
8053 14
0544 11
3451 6
0671 13
2149 12
1093 6
2069 10
3847 13
7806 10
0205 4
6655 3
3751 12
1084 6
5470 11
6621 2
2857 10
9548 11
5926 5
3662 10
9414 8
2991 13
7010 11
3279 2
7011 11
1650 2
5306 8
9811 15
3919 15
7580 6
0298 6
9128 2
5780 2
3831 13
8709 11
0905 3
9766 14
8026 14
6946 10
9668 13
4781 14
1389 12
6751 5
6635 3
5073 4
2482 2
6626 3
5457 11
1828 5
9183 3
4546 10
9257 5
4454 9
2363 0
0293 6
5787 2
5304 8
2569 4
4599 11
4724 13
4598 11
5393 10
6008 6
7593 6
7701 9
3170 0
0560 11
8557 9
2618 5
7816 11
6298 12
9122 2
5188 6
6736 5
9059 1
2353 15
3784 12
5710 0
9260 5
7220 15
7602 7
7874 11
9525 10
7091 12
9437 9
8938 14
7526 5
8179 1
5352 9
8281 3
7608 7
3640 10
1185 8
7170 13
7553 5
0984 4
3526 8
0313 6
4859 15
9012 0
4690 12
8645 10
1353 11
8931 14
0704 14
4708 13
4756 13
9681 13
3754 12
0151 3
0938 3
0536 11
6356 13
2952 12
0370 7
1631 1
1884 7
4983 2
2715 7
6738 5
9290 5
4462 9
8222 2
0143 2
1101 6
5614 14
8185 1
5860 4
3617 9
8968 15
7988 13
8901 14
8279 3
6607 2
6007 6
9620 12
8119 15
4407 8
6214 10
8107 15
0177 3
4219 5
8905 14
8243 2
5621 14
9810 15
7076 12
7108 12
2776 8
5500 12
6088 8
6987 10
4057 1
7413 3
6604 2
9051 1
4853 15
3809 13
2955 12
5512 12
4689 12
5480 12
0730 14
0676 13
8977 15
0636 13
1237 9
7155 13
3931 15
2642 5
5976 5
5869 4
4175 4
9106 2
2487 2
8574 9
7630 7
8169 1
6723 5
0873 2
2652 6
4224 5
2396 1
4762 13
9264 5
0846 1
8504 8
2964 12
5362 10
9120 2
3648 10
8303 4
6471 15
4366 7
5233 7
3127 15
3310 3
0777 15
8733 11
6155 9
6268 11
6665 3
6972 10
5615 14
4527 10
5171 5
7300 1
0930 3
8581 9
4312 6
4112 2
1603 1
2044 10
7992 13
6904 9
5460 11
1582 0
9029 0
2393 0
5574 13
6719 4
0595 11
2243 13
4963 1
8873 13
0490 10
3940 15
1809 5
9457 9
7800 10
0328 6
0109 2
5353 9
0876 2
0817 1
0180 3
6659 3
0991 5
8130 0
4202 4
6522 0
2965 12
4031 1
9607 11
5846 3
4325 7
5203 6
0244 5
0250 5
3973 0
1771 4
6563 1
5180 6
8162 1
8220 2
7754 10
4373 8
4742 13
5508 12
6103 8
4009 1
5671 15
3535 8
7104 12
1565 0
1377 12
3151 0
8290 3
6668 3
2693 7
2274 14
4901 0
7760 10
3249 2
4443 9
4491 9
2133 11
8342 4
0714 14
6263 11
3897 14
3198 1
7475 4
2427 1
7406 3
6125 9
3659 10
3439 5
6091 8
1595 1
6235 11
1778 4
3125 15
8738 11
4063 1
1845 6
6223 11
6164 10
8976 15
8816 13
0887 2
6915 9
1880 6
1539 15
9790 15
8719 11
1557 0
4362 7
4357 7
6253 11
5213 7
3052 14
2732 8
0658 13
9158 3
8974 15
5944 5
3092 14
3559 8
9274 5
0084 1
1954 8
1549 15
6260 11
9628 12
1455 14
3015 13
0068 1
5981 6
4831 15
7419 3
0726 14
4553 10
0513 10
9542 11
6210 10
7815 11
1534 15
3066 14
4490 9
0969 4
3654 10
5639 15
4735 13
5516 12
8849 13
5301 8
6343 13
1184 8
5836 3
4778 14
6985 10
0453 9
5965 5
3384 4
5644 15
5635 14
8359 5
3551 8
3145 15
0366 7
8142 0
0562 11
6026 7
4248 5
8910 14
8748 11
7081 12
5345 9
9711 13
3885 14
2784 9
6299 12
4369 7
1803 5
4911 0
6775 6
7120 13
7560 6
1181 8
2025 10
4971 2
7854 11
2220 13
1587 0
2783 9
4084 2
0907 3
6052 7
7563 6
3818 13
9266 5
1554 0
8306 4
7735 9
8500 8
4263 5
4984 2
7979 13
8958 15
3920 15
1761 4
4264 5
4196 4
5919 4
5491 12
1662 2
5105 4
8208 1
0804 0
6338 13
7544 5
9426 8
9647 12
6944 9
3111 15
5733 1
0399 8
5513 12
5542 13
6593 2
0789 0
1688 3
1100 6
2658 6
6115 9
8246 2
8582 9
5225 7
7618 7
0598 12
2900 11
7278 0
1201 9
1335 11
7078 12
0080 1
4847 15
6652 3
1700 3
4076 2
7656 8
3424 5
8010 14
2542 4
8270 3
2008 9
9739 14
7980 13
7468 4
3222 1
0333 6
1253 10
8052 14
2085 11
2631 5
7886 12
5450 11
8790 12
2992 13
9662 12
8037 14
5135 5
6759 5
9053 1
2167 12
0936 3
2366 0
4610 11
1806 5
5715 0
7635 7
1654 2
3668 10
0119 2
2335 15
7926 12
4761 13
4167 4
0956 4
6281 11
4867 15
4073 2
0365 7
2737 8
4897 0
9653 12
8151 0
6847 8
8710 11
1012 5
3712 11
5361 10
2045 10
7043 11
1198 9
5206 6
8700 11
5543 13
9308 6
2022 10
5026 3
7752 10
5750 1
0226 4
7792 10
2095 11
2146 12
9484 10
1225 9
5523 12
2050 10
4044 1
4469 9
3191 1
0218 4
8616 10
8982 15
4916 1
9064 1
2742 8
1882 7
8883 13
5586 13
0674 13
0547 11
0383 8
5999 6
6501 0
2641 5
9568 11
5558 13
3123 15
7356 2
0893 2
1227 9
2268 14
9374 7
8190 1
4225 5
6254 11
0175 3
1103 6
1647 1
3186 0
7006 10
7700 9
4163 4
4780 14
6394 13
0723 14
8445 6
8408 5
9366 7
4381 8
8603 9
1150 8
6548 1
4640 11
3313 3
1360 12
2564 4
5063 4
2836 10
2071 10
8351 5
3266 2
4455 9
4267 5
0994 5
9123 2
7402 3
4672 12
6671 3
0847 1
9248 5
7195 14
6362 13
6663 3
8346 4
7796 10
2822 9
5940 5
4812 15
4291 6
3724 11
0160 3
4582 11
2687 6
6384 13
6290 12
9223 4
6386 13
4408 8
4457 9
0292 5
0435 9
6005 6
7185 14
3536 8
8822 13
7679 8
5342 9
7883 12
7911 12
6019 7
6560 1
5947 5
8460 7
1601 1
2188 12
4230 5
4059 1
5052 3
5651 15
9670 13
2653 6
3938 15
8283 3
1359 12
6346 13
3436 5
5913 4
6446 15
6400 14
1072 6
4788 14
2839 10
8672 11
0693 14
5616 14
4746 13
8999 0
7464 4
6314 12
3594 9
3142 15
7924 12
5060 3
1785 5
2244 13
0554 11
2689 7
6046 7
2847 10
9630 12
8720 11
9565 11
8731 11
3932 15
1783 5
9062 1
8467 7
3616 9
1508 15
8923 14
6677 4
0335 6
5848 3
2112 11
8440 6
5390 10
0390 8
4501 9
4624 11
5456 11
1245 10
6572 1
0483 10
5589 13
3406 5
6012 6
6858 8
3033 13
3796 12
8609 10
9094 1
7336 1
3221 1
4431 8
5079 4
2974 12
7970 13
5524 12
7069 12
0296 6
8915 14
5731 1
8729 11
5273 8
4581 11
8218 2
2164 12
3402 5
9180 3
1121 7
8878 13
7344 1
3604 9
5683 15
5328 9
2288 14
2451 2
6417 14
9832 15
8888 13
3136 15
4782 14
2874 10
6641 3
1641 1
4466 9
7148 13
6040 7
7360 2
2148 12
7079 12
1801 5
3611 9
1168 8
7211 15
3522 8
2411 1
9084 1
9772 14
1462 14
2646 5
0502 10
2873 10
0268 5
6380 13
4032 1
4541 10
5895 4
9452 9
6165 10
9485 10
0071 1
8044 14
5407 10
8698 11
7424 3
9562 11
4745 13
5209 6
1579 0
4287 6
9329 6
8083 15
8401 5
6516 0
7987 13
2447 2
8796 12
7773 10
5732 1
7470 4
5290 8
5324 9
2875 10
3056 14
4719 13
6601 2
1871 6
6373 13
8498 8
3016 13
5903 4
5946 5
7935 13
9627 12
1764 4
2629 5
3646 10
7489 5
1848 6
1367 12
8520 8
8580 9
4900 0
5373 10
1146 8
2302 14
8734 11
9211 4
6825 7
3954 15
8712 11
9695 13
0815 0
2798 9
3268 2
4146 3
8316 4
0914 3
8583 9
3716 11
6145 9
6353 13
9676 13
9279 5
8531 8
5567 13
0105 2
0318 6
4670 12
4664 12
6257 11
2019 10
8943 14
8238 2
5546 13
0863 1
8540 8
5055 3
2179 12
3984 0
8973 15
5948 5
5755 1
4119 3
5936 5
5289 8
6423 14
7025 11
8380 5
4811 14
7586 6
6644 3
1352 11
3875 14
3769 12
6856 8
8311 4
4087 2
0922 3
1240 10
2662 6
8347 4
1295 11
8736 11
1158 8
5266 8
3671 10
5844 3
1863 6
7962 13
2012 9
0305 6
1524 15
4894 0
3350 4
1199 9
7930 13
1277 10
3391 5
2513 3
5126 5
9239 5
1904 7
0131 2
7265 0
7050 11
2557 4
8784 12
6395 13
8701 11
2492 2
7462 4
5189 6
8454 7
5117 4
4729 13
4544 10
0401 8
5247 7
4421 8
6797 7
3060 14
0975 4
4065 1
8103 15
7055 11
4752 13
5448 11
2520 3
8535 8
4376 8
1280 10
6543 1
2397 1
2024 10
7660 8
2734 8
7149 13
4058 1
1933 8
8296 3
2178 12
0925 3
2282 14
2503 3
9423 8
3042 13
2309 15
4693 12
8167 1
4639 11
4254 5
1456 14
1091 6
1314 11
5563 13
0602 12
5147 5
4080 2
9175 3
9311 6
0821 1
6078 8
3997 0
0198 4
8854 13
1559 0
9203 4
9258 5
8141 0
0092 1
3516 7
7577 6
0394 8
8443 6
2386 0
5308 9
4266 5
4154 3
9065 1
8527 8
6716 4
6269 11
6642 3
9434 9
9151 3
0070 1
7912 12
6131 9
5023 3
6135 9
0168 3
5010 2
5133 5
7096 12
2224 13
1985 9
3556 8
1310 11
5533 12
6834 8
3093 14
5378 10
1929 8
3002 13
5943 5
4604 11
8624 10
4103 2
0219 4
1669 2
7047 11
1010 5
1968 8
7114 13
5945 5
5851 3
4706 13
2580 4
2296 14
9812 15
4033 1
0948 4
7702 9
7365 2
0417 8
6912 9
3778 12
0052 1
5744 1
0981 4
3710 11
2765 8
5900 4
9167 3
9499 10
0154 3
4968 1
0265 5
3530 8
9040 1
5666 15
3415 5
2760 8
0416 8
0316 6
6017 7
3190 1
2888 11
8889 13
5437 11
8003 13
3742 11
8950 15
4055 1
8654 10
8379 5
4576 11
6112 9
3557 8
1622 1
7400 3
5085 4
6183 10
0561 11
1350 11
6871 8
9229 4
3435 5
2217 13
2322 15
2572 4
4926 1
1754 4
4543 10
7052 11
9424 8
0783 0
3496 7
0408 8
6666 3
2899 11
5207 6
6265 11
0095 1
8120 15
1078 6
8410 5
5374 10
0553 11
6790 6
7748 9
1234 9
3160 0
0917 3
3027 13
8660 11
8880 13
5704 0
8428 6
4300 6
4120 3
3364 4
4809 14
8755 12
3565 8
5931 5
1925 8
2814 9
8514 8
6735 5
1083 6
6121 9
4273 5
9022 0
3367 4
2275 14
1263 10
9841 15
1165 8
0389 8
6117 9
0215 4
8599 9
6546 1
0506 10
0445 9
8487 7
8423 6
5871 4
0079 1
6650 3
3584 9
7112 13
0603 12
4250 5
5381 10
9405 8
8876 13
3566 8
6086 8
4878 0
9519 10
7267 0
3650 10
8149 0
2640 5
1936 8
6242 11
9591 11
5380 10
8606 10
6756 5
3678 10
7348 1
1634 1
9292 5
2845 10
0494 10
1817 5
8102 15
5925 5
5774 1
5348 9
1173 8
6009 6
8447 6
0770 15
1876 6
7965 13
6605 2
0585 11
2764 8
5009 2
7734 9
0300 6
3352 4
0911 3
6001 6
4612 11
8620 10
3452 6
2643 5
0230 4
5551 13
0020 0
2627 5
1423 13
7662 8
3578 9
6713 4
7116 13
0193 4
3468 6
1620 1
6630 3
7589 6
2339 15
4685 12
4681 12
4511 10
3777 12
7392 2
0965 4
8656 10
3887 14
7550 5
3909 14
9694 13
8193 1
1231 9
5365 10
0248 5
2414 1
6308 12
0818 1
9578 11
6846 8
6208 10
3047 13
6018 7
1957 8
0886 2
2021 10
3278 2
8658 10
9056 1
9744 14
5686 15
6643 3
9738 13
2261 13
3711 11
0013 0
5423 11
3335 4
3211 1
6755 5
3765 12
3041 13
4536 10
8131 0
6714 4
9202 4
8627 10
4056 1
6591 2
1699 3
8343 4
0489 10
1530 15
6378 13
1076 6
2223 13
2747 8
9206 4
5646 15
8187 1
1855 6
8651 10
6877 8
0937 3
9215 4
9252 5
1470 14
7636 7
1624 1
5833 3
8194 1
8722 11
6734 5
2761 8
0282 5
7671 8
8163 1
3447 6
7814 11
7374 2
4144 3
3030 13
3647 10
1910 7
1336 11
0889 2
2990 12
3547 8
9072 1
1740 4
7029 11
8685 11
0045 1
6938 9
7666 8
4447 9
1278 10
3886 14
8465 7
5170 5
6035 7
3025 13
2983 12
2197 13
6050 7
3345 4
5095 4
9761 14
9688 13
8771 12
0655 13
5784 2
1490 14
1986 9
2825 9
3165 0
7322 1
7014 11
0492 10
2538 4
2615 5
5065 4
9491 10
2254 13
9018 0
2998 13
5363 10
6742 5
7167 13
2824 9
6136 9
2094 11
3413 5
6577 1
5579 13
2593 5
4655 12
5906 4
5858 3
8744 11
7070 12
8124 0
0780 0
7048 11
2810 9
4255 5
7034 11
8945 15
4106 2
4791 14
0165 3
3370 4
0005 0
8097 15
8948 15
2401 1
1542 15
4828 15
2793 9
9098 2
0345 7
2327 15
5802 2
9478 9
1328 11
9359 7
9791 15
1305 11
9788 15
3360 4
0848 1
9192 4
7341 1
1545 15
1214 9
2806 9
7299 1
4336 7
6699 4
3287 2
7126 13
6330 12
5767 1
5128 5
4278 6
8274 3
9086 1
4962 1
5738 1
8825 13
0102 2
9715 13
6924 9
1529 15
7227 15
5655 15
8708 11
5070 4
9782 14
8387 5
9156 3
7270 0
1043 5
0400 8
8267 3
8304 4
3431 5
0890 2
2786 9
4540 10
4038 1
2053 10
6769 6
4619 11
7053 11
2419 1
6114 9
7461 4
0702 14
6129 9
2703 7
6587 2
7264 0
9663 12
0682 13
4743 13
8828 13
8386 5
1048 5
5152 5
7004 10
6237 11
3408 5
5037 3
0485 10
7641 8
6211 10
7204 14
2877 10
9104 2
1849 6
7002 10
7774 10
5777 1
4456 9
9409 8
7940 13
0060 1
5148 5
3697 11
0542 11
2632 5
2113 11
5039 3
6392 13
5847 3
8856 13
1403 13
4323 7
3434 5
6444 14
3977 0
8894 13
2046 10
2913 11
2863 10
9149 3
9831 15
9198 4
6489 15
1906 7
3733 11
1348 11
1772 4
4850 15
3311 3
9093 1
7538 5
7571 6
2978 12
1938 8
6520 0
1547 15
0412 8
2159 12
9433 9
9716 13
7627 7
3888 14
7188 14
4025 1
5526 12
4529 10
7453 4
8082 15
7955 13
1594 1
5917 4
0367 7
1453 13
2512 3
7555 5
0474 9
3273 2
7975 13
1457 14
6836 8
1479 14
1796 5
6405 14
2872 10
2751 8
9664 12
4813 15
3638 10
2476 2
8320 4
3480 7
7649 8
9429 9
1033 5
8449 6
1847 6
2805 9
1106 7
3558 8
2276 14
1330 11
8199 1
6911 9
1001 5
9718 13
0137 2
5821 3
8298 3
0048 1
4754 13
7626 7
1448 13
2390 0
6578 1
3592 9
3328 3
2460 2
7915 12
3131 15
4375 8
0901 2
7852 11
4774 14
1160 8
2213 13
0128 2
3288 2
3077 14
0971 4
6259 11
6190 10
0035 0
8196 1
8721 11
6696 4
9213 4
4309 6
0577 11
1341 11
1600 1
5703 0
0831 1
0968 4
2772 8
1811 5
9706 13
1461 14
1282 10
6485 15
8155 0
7075 12
5104 4
1691 3
8178 1
8436 6
4755 13
3627 9
8664 11
1196 8
9757 14
1223 9
6093 8
8699 11
7643 8
5408 10
6077 8
6194 10
6255 11
5430 11
3119 15
1883 7
2554 4
3718 11
4358 7
4488 9
4952 1
3880 14
9540 11
5684 15
8433 6
8444 6
5155 5
9729 13
0257 5
8862 13
5215 7
1321 11
5650 15
9666 13
0091 1
7947 13
7443 4
0111 2
7168 13
3732 11
5960 5
4301 6
2506 3
3195 1
6309 12
8648 10
3133 15
1339 11
9574 11
7869 11
7121 13
9827 15
5556 13
8772 12
6511 0
4673 12
5702 0
7727 9
7631 7
2361 0
0534 11
6245 11
9737 13
5335 9
6992 10
6837 8
1000 5
9535 10
3729 11
0452 9
7761 10
8687 11
6768 6
7495 5
5822 3
8157 0
4279 6
0232 4
9561 11
5782 2
3620 9
0865 2
8396 5
1800 5
7324 1
0568 11
1005 5
7383 2
2350 15
4276 6
3013 13
2402 1
1963 8
5405 10
7435 3
2104 11
7261 15
0114 2
4335 7
8363 5
5252 8
9398 8
8435 6
1178 8
1937 8
0375 7
4157 4
8846 13
7746 9
6521 0
6787 6
9774 14
4363 7
4668 12
1967 8
8561 9
6870 8
6510 0
8671 11
3493 7
6897 9
2028 10
4680 12
6896 9
5043 3
7546 5
3267 2
7986 13
3057 14
1908 7
3309 3
3856 13
5824 3
0973 4
8600 9
8122 15
7252 15
7382 2
7349 1
2299 14
5099 4
9502 10
1667 2
0191 4
5540 13
9265 5
5141 5
8207 1
5458 11
7384 2
6810 7
5244 7
6234 11
4678 12
8785 12
6808 7
3929 15
5583 13
2755 8
5561 13
5629 14
8890 13
2379 0
0269 5
5608 14
0571 11
8909 14
5713 0
6337 13
4293 6
9575 11
6876 8
9473 9
0520 10
9110 2
6880 8
2037 10
7646 8
9262 5
0476 9
6809 7
7747 9
1668 2
2553 4
8374 5
1672 2
4800 14
4896 0
3532 8
5175 6
7861 11
7257 15
4700 12
2206 13
5156 5
0138 2
4550 10
6589 2
1517 15
7999 13
7154 13
2049 10
3325 3
3026 13
1693 3
2097 11
7541 5
0634 13
9486 10
6513 0
3463 6
7897 12
1774 4
7501 5
9125 2
7477 4
7978 13
7310 1
6631 3
9310 6
1869 6
7750 10
7655 8
1907 7
1752 4
5046 3
1431 13
9671 13
5656 15
9013 0
5983 6
4247 5
6355 13
6142 9
3935 15
0779 0
0885 2
7639 8
8104 15
5974 5
0776 15
3076 14
5357 9
0548 11
4864 15
1186 8
5220 7
4394 8
8823 13
0393 8
2189 12
4496 9
5831 3
1242 10
1750 4
6349 13
4159 4
3958 15
0281 5
0263 5
6270 11
9080 1
1975 9
2331 15
5366 10
8564 9
3117 15
2358 0
9418 8
4950 1
7659 8
5025 3
8372 5
5544 13
2291 14
3753 12
7003 10
7262 0
6347 13
6402 14
8962 15
5830 3
6442 14
3726 11
2590 5
7895 12
2736 8
4796 14
4795 14
2683 6
2878 10
0027 0
8240 2
0290 5
2611 5
3017 13
0088 1
5724 0
2473 2
3115 15
3968 0
9480 9
9108 2
0540 11
1167 8
8072 15
4631 11
3217 1
7438 4
3767 12
1143 8
0607 12
5246 7
3242 2
4938 1
3744 11
6767 6
0032 0
9654 12
4220 5
4269 5
9241 5
4429 8
0267 5
8213 2
2574 4
2434 1
3542 8
7518 5
2194 12
8969 15
4023 1
2623 5
4588 11
2750 8
2236 13
7698 9
3343 4
2374 0
9199 4
6435 14
7226 15
0616 12
9645 12
4562 10
0439 9
3414 5
2526 3
7888 12
1089 6
3999 0
4387 8
9446 9
0897 2
3000 13
3969 0
1515 15
9066 1
7547 5
6430 14
4019 1
7802 10
7164 13
4012 1
8630 10
4892 0
8301 4
0939 3
6957 10
0870 2
1944 8
3588 9
3883 14
7680 8
1347 11
3293 3
1045 5
0235 4
4123 3
6686 4
5092 4
6096 8
7098 12
1889 7
2389 0
7254 15
7403 3
2496 3
6688 4
6582 2
9032 0
6848 8
6459 15
0787 0
0304 6
2321 15
3388 5
3301 3
3601 9
3776 12
9610 11
0985 4
7916 12
0223 4
0212 4
9837 15
1676 2
1397 12
5269 8
5993 6
5159 5
5504 12
9713 13
1875 6
7707 9
4953 1
8225 2
0104 2
0066 1
7914 12
5897 4
7268 0
6657 3
2439 1
4934 1
0600 12
8591 9
7311 1
8843 13
4979 2
7532 5
9413 8
4586 11
0062 1
6813 7
7981 13
9624 12
8541 8
4833 15
2771 8
2052 10
0460 9
4848 15
3397 5
6664 3
3839 13
8882 13
0808 0
1322 11
4580 11
0927 3
4776 14
0862 1
4045 1
9152 3
5283 8
3339 4
1209 9
6326 12
6879 8
4567 11
5752 1
3188 1
7681 8
8703 11
4281 6
8567 9
9509 10
0800 0
7783 10
5991 6
7600 7
4257 5
5834 3
2665 6
0559 11
8473 7
4505 9
3426 5
4494 9
5160 5
4736 13
7414 3
6436 14
0756 15
4932 1
9759 14
0133 2
6462 15
1055 5
3757 12
2323 15
2336 15
8482 7
0242 5
9006 0
2428 1
2103 11
3669 10
8716 11
6983 10
3181 0
3810 13
7474 4
7187 14
3349 4
0096 1
9334 6
1097 6
7790 10
9299 5
1266 10
0680 13
1054 5
1835 5
8451 6
1779 4
4286 6
0264 5
3898 14
4939 1
0555 11
0995 5
5404 10
8245 2
4245 5
4584 11
4406 8
5259 8
7843 11
8662 11
9735 13
1478 14
1217 9
0043 1
3720 11
3795 12
4874 0
3488 7
1358 12
0976 4
9516 10
7650 8
0669 13
7928 12
6556 1
2546 4
5261 8
4089 2
4737 13
1830 5
2151 12
8866 13
3437 5
8865 13
0189 4
5094 4
2677 6
8944 15
6301 12
6463 15
3038 13
0100 2
9779 14
5433 11
9505 10
8096 15
1726 3
9394 8
3334 4
2489 2
0697 14
2126 11
0090 1
4577 11
1918 8
5059 3
4307 6
9740 14
5196 6
0883 2
3881 14
4356 7
0213 4
5996 6
1425 13
3786 12
8355 5
7136 13
5096 4
8781 12
6027 7
1973 9
9245 5
2601 5
0528 10
4433 8
4807 14
3149 0
8730 11
9659 12
8947 15
4311 6
8764 12
4799 14
2292 14
1039 5
3285 2
4715 13
5421 11
4482 9
1117 7
6085 8
6676 3
4929 1
2474 2
9450 9
4609 11
4414 8
0824 1
1682 2
7617 7
9268 5
2177 12
6344 13
1333 11
7836 11
7442 4
2852 10
8111 15
9523 10
9698 13
0302 6
2229 13
7199 14
2115 11
8019 14
3721 11
1671 2
4320 7
9703 13
2252 13
6371 13
4882 0
5970 5
2011 9
2817 9
1589 1
9463 9
2667 6
5602 14
2735 8
5519 12
7032 11
5872 4
5766 1
8834 13
9475 9
8618 10
9085 1
7637 7
6633 3
5547 13
4732 13
3583 9
4824 15
8663 11
7289 0
2234 13
5129 5
1221 9
3472 6
7156 13
4215 5
4857 15
7703 9
9649 12
2171 12
0426 8
2634 5
9115 2
9194 4
1608 1
1159 8
9690 13
5467 11
3276 2
8780 12
8491 8
6452 15
4419 8
1215 9
6930 9
6130 9
9320 6
5553 13
4802 14
3771 12
3232 1
3939 15
9352 7
8312 4
2176 12
3374 4
5985 6
2699 7
6087 8
2926 11
9547 11
0156 3
0237 4
8405 5
2748 8
3207 1
4268 5
9263 5
8139 0
7352 2
7133 13
0514 10
5151 5
2910 11
0074 1
7508 5
1753 4
5372 10
6828 7
1590 1
5465 11
0319 6
6806 7
5263 8
0042 1
0125 2
4270 5
1439 13
4385 8
2799 9
7420 3
5800 2
7125 13
3139 15
1228 9
2029 10
8933 14
1695 3
5989 6
9316 6
3985 0
1386 12
8427 6
5496 12
3355 4
5376 10
8667 11
5400 10
2521 3
7073 12
8071 15
6969 10
1312 11
3393 5
7720 9
1371 12
5383 10
3177 0
0686 13
1859 6
2663 6
1553 15
1047 5
2382 0
7035 11
2117 11
8512 8
1472 14
1646 1
3628 9
6099 8
3230 1
5116 4
6372 13
4806 14
8453 6
3223 1
9282 5
2966 12
2262 14
7201 14
2014 9
1016 5
6973 10
3567 8
1994 9
8508 8
4528 10
1703 3
0988 4
2418 1
2576 4
1679 2
7181 14
9514 10
1701 3
0641 13
3587 9
6133 9
0837 1
3483 7
2470 2
0089 1
6365 13
5476 11
9099 2
4201 4
5371 10
8524 8
2449 2
3032 13
9665 13
4940 1
6798 7
8824 13
6745 5
3141 15
5950 5
4303 6
5435 11
8115 15
0766 15
0839 1
0764 15
9593 11
2680 6
7092 12
8129 0
8394 5
1138 7
8076 15
3725 11
2898 11
5229 7
9611 11
1061 5
7451 4
4425 8
6576 1
7625 7
6080 8
8678 11
7039 11
5835 3
0827 1
7223 15
7166 13
6678 4
2091 11
1912 7
7998 13
9037 1
1939 8
5241 7
3049 13
4184 4
2174 12
6628 3
4753 13
9271 5
4133 3
9070 1
8323 4
9224 4
6387 13
0823 1
9131 2
9347 7
7613 7
5145 5
7463 4
1440 13
1041 5
7963 13
5920 4
5728 1
9354 7
5529 12
2645 5
4884 0
3974 0
4327 7
1482 14
4890 0
6999 10
5628 14
1317 11
5788 2
1621 1
2249 13
8584 9
8101 15
9742 14
0996 5
7742 9
2098 11
5098 4
0788 0
1104 7
1874 6
9771 14
9314 6
2544 4
0330 6
6187 10
2495 3
2191 12
5592 13
0962 4
2608 5
8951 15
4047 1
5173 5
1525 15
2813 9
2169 12
7385 2
4108 2
2698 7
0645 13
6279 11
2118 11
1380 12
5779 2
3045 13
6980 10
4183 4
4495 9
4873 15
8345 4
6180 10
2201 13
1056 5
2792 9
3303 3
9534 10
4888 0
9615 12
4396 8
9288 5
8775 12
2013 9
1799 5
9554 11
7787 10
6632 3
6383 13
5182 6
4731 13
5013 2
1493 14
6348 13
5351 9
4574 11
6763 6
2739 8
3806 13
0899 2
1451 13
3429 5
3344 4
1713 3
5739 1
3291 3
0422 8
0247 5
5358 9
5634 14
0820 1
2968 12
0216 4
7833 11
0351 7
0628 12
3573 8
0356 7
0003 0
3128 15
0990 4
9476 9
1435 13
6249 11
1689 3
6779 6
4594 11
4090 2
4299 6
4868 15
8338 4
6608 2
0838 1
0795 0
1729 3
6599 2
0791 0
5575 13
9242 5
0152 3
3326 3
7868 11
3214 1
9063 1
4451 9
9046 1
6287 12
0493 10
6541 1
3069 14
6762 6
8393 5
6102 8
5399 10
8646 10
5455 11
1413 13
1573 0
3390 5
6942 9
6375 13
1989 9
5118 4
6994 10
2922 11
8794 12
2068 10
5330 9
4071 2
6675 3
3054 14
2963 12
1442 13
8254 2
2345 15
3523 8
7483 4
9586 11
4171 4
5286 8
3281 2
6840 8
3959 15
0231 4
2205 13
4674 12
4820 15
2589 5
6812 7
9538 11
0992 5
0913 3
0856 1
3963 15
3631 10
9132 2
1401 13
7949 13
0738 15
8985 15
8714 11
7494 5
6612 2
1923 8
6251 11
3475 6
6640 3
2946 12
8275 3
7386 2
1319 11
7959 13
0338 7
9632 12
7733 9
1475 14
4017 1
7486 4
0715 14
7559 6
3006 13
5678 15
8235 2
2960 12
6687 4
2308 15
4259 5
5692 0
2543 4
0622 12
7143 13
7591 6
1651 2
9829 15
4613 11
1997 9
2459 2
4996 2
6884 9
8057 14
5804 2
2914 11
6954 10
0387 8
0543 11
2483 2
5888 4
0004 0
4749 13
1136 7
0405 8
6222 11
3003 13
4899 0
1021 5
7423 3
2385 0
3741 11
8611 10
8016 14
8752 11
2956 12
7479 4
6819 7
0491 10
6860 8
8439 6
3894 14
6934 9
8806 12
7682 8
7109 12
7017 11
5795 2
7415 3
4531 10
3626 9
6367 13
8881 13
9111 2
3972 0
5125 5
2127 11
6821 7
3681 10
0118 2
3088 14
1718 3
3747 11
0511 10
1025 5
0169 3
5387 10
2809 9
2092 11
7340 1
2622 5
8424 6
2844 10
6385 13
6060 8
0940 3
3135 15
5471 11
0610 12
7218 15
0433 9
1916 7
8081 15
1396 12
0978 4
7229 15
7863 11
3239 1
5863 4
7663 8
8852 13
8450 6
3994 0
3993 0
5572 13
4471 9
6476 15
2628 5
9550 11
6760 6
9306 6
9380 8
0127 2
1543 15
5746 1
1606 1
6873 8
8078 15
6068 8
8536 8
9136 2
6497 15
0950 4
5101 4
3911 14
6518 0
7031 11
6425 14
8045 14
6645 3
5740 1
1255 10
5770 1
4070 2
5988 6
0755 15
9281 5
5818 2
1074 6
4141 3
4500 9
4623 11
8234 2
0368 7
8930 14
7933 13
6199 10
7033 11
3421 5
6883 8
4412 8
0410 8
3983 0
8492 8
4854 15
6667 3
5560 13
9656 12
7587 6
3019 13
9564 11
5314 9
4008 0
0178 3
1290 11
0569 11
2864 10
2332 15
9147 3
3937 15
8418 6
2993 13
5745 1
5875 4
7906 12
3727 11
9778 14
6865 8
1516 15
2330 15
3389 5
5984 6
2843 10
2412 1
2609 5
9606 11
2707 7
1658 2
5131 5
7476 4
2625 5
4653 12
6286 12
2157 12
4617 11
9594 11
9297 5
1096 6
9440 9
1485 14
3518 8
2468 2
9799 15
2835 10
6776 6
6584 2
5760 1
5866 4
9780 14
4016 1
0586 11
4902 0
6788 6
8833 13
3908 14
4889 0
2139 11
3737 11
6280 11
5617 14
1705 3
4256 5
0987 4
0781 0
1467 14
1664 2
0761 15
2531 4
5969 5
9391 8
5973 5
0635 13
5445 11
8299 3
8631 10
6549 1
5753 1
6483 15
6703 4
6198 10
3563 8
3120 15
2666 6
1684 2
1157 8
1815 5
4865 15
6470 15
8027 14
8588 9
8615 10
5939 5
5665 15
4235 5
7353 2
8210 1
7209 15
6803 7
6274 11
1922 8
7275 0
6752 5
6495 15
4448 9
8914 14
9406 8
0529 10
9605 11
8987 15
9164 3
5916 4
4329 7
0977 4
7943 13
0836 1
8835 13
1355 12
2565 4
8897 13
8075 15
5967 5
0002 0
2638 5
3386 4
7766 10
4622 11
7536 5
3053 14
0083 1
4380 8
7203 14
9341 7
0158 3
3036 13
5978 5
6717 4
2368 0
3855 13
6700 4
2752 8
4077 2
8653 10
9764 14
1421 13
4236 5
8381 5
1275 10
7106 12
4635 11
0898 2
4667 12
6148 9
2375 0
0953 4
2730 8
2016 9
2660 6
1805 5
1724 3
1325 11
2889 11
5212 6
4246 5
6294 12
3110 15
2607 5
0681 13
2504 3
0322 6
5122 5
1605 1
4922 1
6350 13
5620 14
0735 15
8954 15
2568 4
7607 7
9172 3
9358 7
6557 1
5949 5
8955 15
0653 13
4972 2
3075 14
7939 13
8575 9
0773 15
7488 4
2186 12
4265 5
2074 10
0061 1
8330 4
8556 9
7283 0
9119 2
6065 8
4538 10
4792 14
1942 8
1592 1
4565 11
2155 12
7545 5
8766 12
9803 15
4203 4
3312 3
1827 5
4992 2
0888 2
6586 2
2083 11
4880 0
3807 13
6709 4
1927 8
9566 11
9553 11
0286 5
5889 4
7937 13
8211 1
3167 0
1821 5
3701 11
2562 4
2819 9
2773 8
6515 0
7614 7
1697 3
0952 4
1172 8
7834 11
6795 7
4297 6
6327 12
1760 4
9596 11
2216 13
7726 9
3401 5
7516 5
7481 4
2134 11
8013 14
8534 8
7024 11
1332 11
2558 4
8464 7
8202 1
8300 3
7018 11
0997 5
3085 14
7799 10
0772 15
3497 7
8696 11
0009 0
8992 15
2479 2
3269 2
3456 6
3828 13
1265 10
9520 10
0880 2
2342 15
9171 3
9251 5
7454 4
7044 11
7562 6
5429 11
4134 3
3874 14
3715 11
7272 0
7953 13
3544 8
0031 0
6275 11
6139 9
0270 5
4227 5
6889 9
0639 13
4789 14
3011 13
3865 14
3606 9
6680 4
1656 2
0224 4
7973 13
1114 7
5549 13
9762 14
6727 5
4161 4
8476 7
1846 6
9045 1
8972 15
1895 7
0619 12
3618 9
0946 4
6431 14
4773 14
3842 13
2222 13
1814 5
0982 4
2193 12
6049 7
9539 11
2258 13
7683 8
6517 0
5299 8
4768 13
1006 5
8809 13
3824 13
7552 5
6648 3
6843 8
4037 1
9189 4
2731 8
8798 12
5302 8
7819 11
5077 4
9813 15
5346 9
9746 14
2598 5
9221 4
6416 14
4738 13
5425 11
3896 14
3315 3
6441 14
7767 10
8132 0
8517 8
2989 12
4104 2
3805 13
1842 5
4769 13
1678 2
2420 1
4086 2
8404 5
7629 7
8751 11
5064 4
9745 14
4801 14
7779 10
1993 9
5369 10
9720 13
3895 14
0033 0
8551 9
6531 0
2862 10
2209 13
5759 1
2570 4
4757 13
1991 9
2002 9
6536 1
3492 7
5813 2
2455 2
8054 14
3936 15
6697 4
7972 13
1628 1
2587 5
8812 13
6015 6
7026 11
6832 8
1885 7
4646 11
8898 14
9384 8
8629 10
9521 10
4679 12
8745 11
3635 10
5130 5
0608 12
7241 15
5880 4
1717 3
3319 3
5003 2
7315 1
5382 10
0558 11
1469 14
1052 5
1327 11
1982 9
5406 10
3166 0
0654 13
0386 8
4252 5
9342 7
2585 5
1873 6
9082 1
3793 12
5271 8
5441 11
2003 9
7137 13
5840 3
2545 4
9419 8
4244 5
3304 3
1935 8
4818 15
4981 2
1824 5
4478 9
6073 8
6765 6
4744 13
2406 1
4560 10
7817 11
6842 8
9092 1
7718 9
5886 4
7576 6
6110 9
3161 0
2740 8
0944 4
8391 5
1276 10
6221 11
4942 1
4197 4
6172 10
7015 11
9396 8
7152 13
7592 6
6141 9
4186 4
2038 10
2614 5
5049 3
7412 3
7519 5
4969 2
0774 15
5528 12
1127 7
6057 8
9836 15
6773 6
9601 11
2941 11
5611 14
0398 8
7140 13
9000 0
5711 0
4928 1
4296 6
6882 8
7304 1
3427 5
1741 4
8140 0
5494 12
6410 14
9074 1
2855 10
8750 11
5017 2
0434 9
7565 6
2841 10
7097 12
6488 15
6529 0
3844 13
4391 8
4616 11
5294 8
2685 6
8533 8
8483 7
9712 13
7028 11
4370 7
5020 2
2333 15
4568 11
5067 4
0275 5
0277 5
0843 1
8732 11
0379 8
7597 6
8416 5
5419 11
3685 11
6555 1
8321 4
2131 11
1721 3
3803 13
2927 11
0524 10
3272 2
5901 4
1180 8
1034 5
0310 6
9283 5
8034 14
4798 14
1782 5
3748 11
9157 3
2478 2
7290 0
6134 9
9276 5
1120 7
9725 13
8402 5
8282 3
8457 7
4239 5
9031 0
9335 6
8012 14
9723 13
5475 11
5857 3
8921 14
4918 1
5789 2
5511 12
4212 5
2996 13
3553 8
8793 12
2937 11
1382 12
1288 11
4521 10
8289 3
5843 3
4121 3
4091 2
0428 9
4116 3
1861 6
9417 8
2738 8
8365 5
2450 2
9549 11
0059 1
3018 13
4185 4
1230 9
1737 4
1649 2
8206 1
0427 8
6340 13
4289 6
5633 14
6061 8
0629 13
7606 7
7222 15
2077 11
5624 14
7574 6
3533 8
9365 7
5136 5
4516 10
7511 5
6170 10
0835 1
6729 5
6006 6
7404 3
5048 3
9420 8
0303 6
8546 9
0516 10
5796 2
7207 14
6820 7
1613 1
2684 6
4321 7
1663 2
9672 13
7867 11
2371 0
6602 2
3346 4
3254 2
8002 13
5924 5
1886 7
2525 3
9005 0
6826 7
5591 13
9349 7
6833 8
0633 13
4138 3
5865 4
4072 2
5224 7
0784 0
9618 12
7389 2
1385 12
0664 13
4004 0
8916 14
2706 7
8657 10
4043 1
2745 8
3259 2
7282 0
1675 2
4908 0
4835 15
8566 9
8329 4
6747 5
7347 1
9474 9
9430 9
5326 9
2948 12
5817 2
8543 8
2346 15
0413 8
7673 8
4130 3
5115 4
7397 3
1338 11
4951 1
8636 10
0187 4
0167 3
2746 8
8229 2
1995 9
3079 14
6622 2
6481 15
4434 8
7499 5
5449 11
2849 10
4393 8
5235 7
7396 2
6157 9
5854 3
5659 15
9350 7
0892 2
3453 6
4784 14
8758 12
1797 5
7328 1
3130 15
0385 8
0402 8
6393 13
2823 9
5793 2
6629 3
5877 4
9767 14
3948 15
0912 3
2827 9
7208 14
3548 8
2329 15
0438 9
3420 5
7842 11
7624 7
5109 4
4960 1
0632 13
2976 12
2582 4
4101 2
2226 13
6289 12
7391 2
8577 9
3204 1
5896 4
6718 4
2183 12
5479 12
0829 1
6203 10
7284 0
7165 13
8164 1
3629 9
4665 12
2070 10
7751 10
8937 14
0582 11
3987 0
3208 1
2009 9
2775 8
4395 8
2356 0
0625 12
9336 6
9014 0
2138 11
2446 2
3336 4
1142 8
4766 13
9727 13
5722 0
2879 10
5284 8
9603 11
5333 9
4205 4
6681 4
6941 9
4450 9
5775 1
5011 2
3359 4
2231 13
1498 14
8277 3
3889 14
3457 6
7118 13
0075 1
9421 8
6758 5
2820 9
7798 10
4629 11
6698 4
5166 5
3162 0
6831 7
4021 1
6246 11
3459 6
3836 13
2851 10
4945 1
8875 13
0478 9
7513 5
0611 12
4944 1
2300 14
4342 7
6706 4
0748 15
6580 1
3561 8
0419 8
7103 12
5588 13
6368 13
3333 4
6551 1
5971 5
9732 13
2753 8
1379 12
6167 10
1169 8
2114 11
7765 10
6913 9
2777 8
9760 14
1187 8
9205 4
0371 7
7037 11
3612 9
6893 9
2970 12
2027 10
1996 9
3822 13
9756 14
3947 15
3224 1
7277 0
6634 3
2656 6
1433 13
9531 10
2560 4
3308 3
9325 6
3632 10
6467 15
6341 13
5605 14
5201 6
5230 7
2140 11
5505 12
0758 15
3296 3
1692 3
5264 8
4524 10
7977 13
1813 5
3907 14
6672 3
6316 12
3879 14
2766 8
0259 5
0288 5
7530 5
0325 6
6639 3
1387 12
8607 10
1489 14
7504 5
1411 13
4190 4
5841 3
7691 9
4739 13
5438 11
0382 8
5610 14
2523 3
6707 4
7877 11
2301 14
8902 14
3200 1
2781 9
9658 12
6637 3
1735 4
7071 12
3966 15
6366 13
2929 11
2219 13
8412 5
0055 1
3860 13
7782 10
2442 1
5618 14
6839 8
0729 14
6900 9
4589 11
0301 6
2110 11
3652 10
3248 2
0535 11
4669 12
2295 14
2647 5
7490 5
9524 10
2228 13
5902 4
2241 13
1412 13
6898 9
8241 2
8217 2
1088 6
0466 9
9150 3
7061 12
5873 4
7557 6
6413 14
9728 13
5061 4
1607 1
0110 2
3289 2
0425 8
5432 11
4675 12
7780 10
8025 14
7564 6
3404 5
5534 13
2949 12
0246 5
6209 10
5163 5
1629 1
6649 3
0347 7
6685 4
6295 12
4866 15
7989 13
1766 4
4914 1
0454 9
2278 14
1981 9
4480 9
7184 14
1094 6
5584 13
4903 0
2935 11
1474 14
5720 0
6590 2
1349 11
1294 11
8032 14
8980 15
1080 6
9230 4
9819 15
2199 13
4446 9
5338 9
5237 7
8197 1
7068 12
4261 5
3261 2
8415 5
2086 11
6258 11
5154 5
1432 13
6581 1
2887 11
3861 13
7841 11
1665 2
3295 3
8899 14
1781 5
2595 5
7506 5
9787 15
1141 7
4324 7
4832 15
5331 9
9312 6
6962 10
3941 15
7286 0
4695 12
0942 4
6100 8
6603 2
8344 4
6838 8
5165 5
9544 11
7354 2
3841 13
6845 8
5587 13
0594 11
6903 9
5627 14
1484 14
8613 10
7285 0
1116 7
6891 9
0163 3
6995 10
0341 7
5184 6
0164 3
4805 14
3244 2
8028 14
6339 13
5053 3
4145 3
8679 11
3158 0
4353 7
3399 5
2682 6
9634 12
3482 7
5594 13
9011 0
2896 11
9138 3
0103 2
9231 4
1844 6
4750 13
8094 15
2263 14
2815 9
7664 8
7139 13
8426 6
7706 9
8571 9
4948 1
3797 12
9402 8
3134 15
6963 10
9255 5
2107 11
9069 1
2372 0
7325 1
0019 0
6866 8
1402 13
2087 11
3477 6
6079 8
3495 7
0444 9
9179 3
8743 11
8022 14
9142 3
2502 3
6111 9
5705 0
8272 3
5403 10
9595 11
2005 9
1687 3
4081 2
6979 10
5803 2
7431 3
0614 12
0359 7
5538 13
4372 8
1477 14
7094 12
1458 14
4561 10
7583 6
4040 1
2010 9
4420 8
2317 15
0348 7
2018 10
7000 10
0258 5
9733 13
9469 9
3356 4
2522 3
7661 8
3625 9
7568 6
2195 12
2377 0
9284 5
4976 2
9635 12
6058 8
2108 11
3868 14
6231 11
3624 9
4315 6
6118 9
8555 9
7436 4
3643 10
0069 1
6226 11
9598 11
3100 15
1538 15
1098 6
8085 15
5849 3
8986 15
0040 1
3444 6
5928 5
1244 10
8266 3
9530 10
8332 4
1734 4
0148 3
7173 14
1408 13
2754 8
9193 4
1635 1
3667 10
0360 7
1126 7
8844 13
7971 13
8686 11
6670 3
6539 1
3758 12
6212 10
2869 10
7390 2
8205 1
9504 10
1250 10
2837 10
0227 4
3787 12
5312 9
8236 2
6461 15
5051 3
4135 3
4764 13
9337 6
4905 0
3031 13
7669 8
6140 9
9353 7
5453 11
3946 15
9047 1
4507 10
9639 12
2280 14
6484 15
0007 0
6566 1
3298 3
8175 1
0261 5
7160 13
5570 13
6137 9
9207 4
5609 14
0176 3
5409 10
4790 14
5930 5
4099 2
4676 12
4384 8
1928 8
6011 6
1887 7
5041 3
8269 3
5321 9
2928 11
7141 13
4662 12
3873 14
1990 9
5909 4
9025 0
1746 4
7240 15
3923 15
5699 0
0041 1
7616 7
7271 0
3116 15
8490 8
5522 12
1176 8
6888 9
8594 9
2063 10
7318 1
2676 6
2472 2
3934 15
5816 2
9146 3
1260 10
5680 15
4354 7
6624 2
6407 14
6024 7
4862 15
7844 11
2020 10
1195 8
4510 10
4869 15
3247 2
5748 1
1459 14
9680 13
0915 3
2791 9
1709 3
7434 3
4961 1
3362 4
5826 3
8522 8
4109 2
6618 2
0673 13
3731 11
2678 6
9500 10
0067 1
1522 15
1974 9
4856 15
5228 7
3509 7
8850 13
6970 10
6066 8
1166 8
6905 9
4179 4
2404 1
2947 12
3037 13
2440 1
0201 4
0159 3
4160 4
4571 11
2351 15
1812 5
0737 15
9004 0
4142 3
4564 11
2696 7
3572 8
1988 9
7480 4
5454 11
5894 4
0030 0
2886 11
2376 0
8340 4
1309 11
0706 14
7312 1
3184 0
1311 11
9432 9
4648 12
5517 12
6082 8
3487 7
5541 13
1618 1
2207 13
3845 13
2202 13
6472 15
9371 7
0617 12
1283 10
9390 8
5106 4
4067 1
8463 7
1256 10
7539 5
8590 9
9212 4
7138 13
0256 5
2325 15
5108 4
9285 5
8023 14
1816 5
2936 11
6722 5
1965 8
8468 7
2797 9
1500 15
7846 11
4606 11
8688 11
2128 11
8446 6
4477 9
2517 3
7853 11
8777 12
9096 2
5221 7
4993 2
7695 9
7573 6
1690 3
8112 15
9035 0
5706 0
4374 8
7686 8
1564 0
8912 14
8150 0
3900 14
3412 5
2635 5
0733 14
6215 11
8857 13
3220 1
3679 10
0797 0
5024 3
4688 12
3813 13
1212 9
9709 13
7013 11
0833 1
3602 9
0093 1
1758 4
9488 10
5364 10
9785 15
9089 1
0972 4
6542 1
2675 6
0955 4
5838 3
9840 15
0630 13
9272 5
7224 15
7995 13
7145 13
1870 6
6329 12
8125 0
2884 11
8042 14
4628 11
1857 6
9141 3
6397 14
9633 12
1307 11
3707 11
4532 10
7952 13
4875 0
5963 5
9187 4
3270 2
8619 10
0793 0
8610 10
3202 1
1966 8
1598 1
2437 1
4156 4
1712 3
1881 6
7206 14
2778 8
3901 14
7638 8
8011 14
4149 3
5997 6
6872 8
7525 5
4925 1
6159 9
7063 12
6273 11
7150 13
4514 10
5214 7
8596 9
8868 13
5287 8
2348 15
6614 2
2214 13
5288 8
8201 1
9201 4
0087 1
3852 13
8295 3
6388 13
5674 15
7398 3
0840 1
0106 2
4692 12
6262 11
6585 2
7433 3
0064 1
6750 5
8066 15
3050 14
2154 12
5792 2
6574 1
0392 8
1297 11
0910 3
7020 11
7862 11
4151 3
8848 13
5497 12
9305 6
7934 13
9638 12
0767 15
7764 10
3241 2
3469 6
9344 7
8991 15
0136 2
3699 11
6646 3
7198 14
0108 2
3505 7
3764 12
8407 5
7885 12
5515 12
1351 11
5339 9
0468 9
3607 9
7445 4
6977 10
4238 5
1507 15
9622 12
5565 13
9073 1
6774 6
4258 5
8562 9
6276 11
4232 5
4642 11
3683 10
0825 1
7517 5
8537 8
3449 6
8356 5
8352 5
4243 5
7308 1
0963 4
3035 13
6175 10
7459 4
9679 13
4046 1
1388 12
2465 2
0130 2
6890 9
3636 10
5603 14
6304 12
5285 8
0049 1
2567 4
2794 9
8949 15
3912 15
8284 3
5980 6
4014 1
7430 3
5819 2
3774 12
8831 13
0204 4
4989 2
6609 2
3944 15
4748 13
6901 9
7421 3
1611 1
6571 1
0184 3
7974 13
7147 13
4602 11
8009 13
1210 9
6443 14
3890 14
8062 15
5334 9
5439 11
5958 5
0044 1
5956 5
3299 3
4650 12
0570 11
8226 2
3922 15
2484 2
6850 8
8820 13
1202 9
7715 9
7753 10
5763 1
6331 12
4113 2
6000 6
8268 3
8966 15
7569 6
7239 15
0441 9
6619 2
8573 9
0225 4
7813 10
2245 13
9291 5
9776 14
4583 11
4118 3
3199 1
5658 15
2061 10
7982 13
1833 5
1710 3
6782 6
1428 13
1777 4
2156 12
0475 9
9021 0
8458 7
4002 0
5397 10
9323 6
0986 4
9008 0
2808 9
7456 4
2691 7
6710 4
5536 13
4525 10
7408 3
2586 5
6567 1
0652 13
2166 12
1512 15
8242 2
1633 1
4783 14
4658 12
9348 7
9373 7
8455 7
8231 2
0457 9
0666 13
3673 10
9058 1
9135 2
2708 7
4556 10
0222 4
4028 1
9532 10
2058 10
9174 3
5935 5
3366 4
6168 10
0814 0
6559 1
4413 8
9533 10
1391 12
5040 3
4228 5
5776 1
6048 7
7876 11
2237 13
0760 15
1971 9
1372 12
0864 1
2648 5
0874 2
3750 12
9770 14
6445 15
2801 9
7785 10
0739 15
2048 10
8015 14
3811 13
5325 9
1233 9
3596 9
7875 11
8291 3
6791 6
5313 9
4936 1
3433 5
2868 10
4006 0
2832 10
8545 8
2710 7
7342 1
2972 12
8832 13
6415 14
5323 9
5953 5
3236 1
0557 11
3491 7
2444 1
1609 1
4052 1
6731 5
2555 4
6438 14
3218 1
6106 8
8389 5
6492 15
9280 5
5187 6
5883 4
3869 14
7429 3
8858 13
8907 14
2639 5
9784 15
8956 15
1040 5
6293 12
6426 14
0822 1
7832 11
4723 13
1694 3
7738 9
8147 0
1192 8
1738 4
2072 10
2119 11
6291 12
6097 8
3227 1
2185 12
3702 11
6173 10
9210 4
1720 3
9541 11
8996 0
9817 15
9191 4
9246 5
5951 5
7515 5
1086 6
0192 4
3028 13
9692 13
4458 9
7330 1
8215 2
5690 0
4910 0
0819 1
9030 0
0411 8
4310 6
8376 5
0161 3
4271 5
6794 7
3714 11
0683 13
2190 12
5994 6
3341 4
6976 10
8650 10
8058 15
1902 7
9028 0
8191 1
8855 13
6454 15
1238 9
5256 8
7522 5
8774 12
9652 12
8368 5
3677 10
5539 13
9295 5
4210 5
8990 15
5601 14
1463 14
3552 8
5778 2
8084 15
3481 7
5593 13
3245 2
8932 14
9124 2
5253 8
4338 7
0000 0
6399 14
3264 2
9644 12
0908 3
3021 13
8067 15
7088 12
1044 5
5234 7
3520 8
3945 15
8740 11
1604 1
4907 0
6562 1
5630 14
8192 1
9458 9
4747 13
0757 15
6728 5
4465 9
3373 4
8683 11
5076 4
3575 9
9494 10
8156 0
7873 11
6247 11
9506 10
3995 0
6965 10
9044 1
0372 7
2999 13
1979 9
8953 15
2551 4
8647 10
7721 9
1901 7
2953 12
6469 15
2270 14
8288 3
4671 12
7611 7
2123 11
5484 12
4816 15
5274 8
9623 12
3283 2
5218 7
4661 12
3173 0
6997 10
9159 3
5910 4
8182 1
7260 15
8652 10
5695 0
6465 15
1035 5
4787 14
6693 4
5121 5
8258 2
0834 1
4819 15
0909 3
5785 2
4537 10
9121 2
3466 6
9707 13
0464 9
5298 8
1077 6
3519 8
8666 11
8198 1
3976 0
4124 3
0373 7
1300 11
2067 10
5571 13
6342 13
7768 10
6042 7
0477 9
0803 0
2637 5
4105 2
0174 3
0983 4
7763 10
3143 15
9465 9
2930 11
4838 15
1296 11
3300 3
0276 5
2818 9
1284 11
6083 8
3140 15
5257 8
6524 0
4512 10
9587 11
4316 6
3203 1
7709 9
2979 12
5961 5
1948 8
1890 7
7366 2
2260 13
2853 10
9798 15
3020 13
6069 8
7991 13
0309 6
8417 5
4759 13
8560 9
3455 6
4814 15
4346 7
1473 14
3109 15
4085 2
6098 8
5927 5
1574 0
9642 12
5307 8
0566 11
0593 11
4698 12
9636 12
1536 15
1407 13
0701 14
1956 8
6230 11
1571 0
7134 13
6163 10
3058 14
9460 9
6128 9
2430 1
8430 6
5211 6
6579 1
8633 10
3043 13
5742 1
5191 6
9330 6
7838 11
9822 15
4241 5
5718 0
5483 12
1708 3
2035 10
0415 8
4535 10
9232 4
2721 7
9343 7
9629 12
5292 8
5825 3
6328 12
8871 13
1014 5
3684 10
3768 12
8263 3
0881 2
6575 1
4295 6
1583 0
2065 10
6404 14
2064 10
0849 1
6956 10
0579 11
8123 15
2657 6
5501 12
0446 9
1345 11
7668 8
0197 4
0117 2
4614 11
6240 11
7122 13
2962 12
9275 5
5807 2
1264 10
2908 11
6450 15
9823 15
9508 10
6597 2
5354 9
7823 11
2259 13
8598 9
9479 9
0336 7
6403 14
0076 1
6932 9
9604 11
6398 14
3329 3
4399 8
6075 8
9667 13
1395 12
7042 11
4035 1
0072 1
4403 8
4717 13
0206 4
8903 14
3734 11
6947 10
0734 15
2758 8
0306 6
9186 4
7549 5
0896 2
7769 10
7756 10
6498 15
2429 1
6570 1
1059 5
4855 15
5482 12
7266 0
4785 14
2848 10
1860 6
8461 7
3512 7
6059 8
5464 11
4647 12
7745 9
4919 1
8474 7
5142 5
6186 10
0923 3
3314 3
4506 10
1532 15
4440 8
2253 13
6721 5
3378 4
0850 1
0320 6
0751 15
0472 9
0482 10
2000 9
4216 5
3525 8
7791 10
8516 8
9490 10
5153 5
8327 4
2273 14
2803 9
3790 12
5681 15
5068 4
9162 3
7672 8
0853 1
0718 14
8597 9
9309 6
1503 15
8891 13
9163 3
7368 2
9326 6
6523 0
0132 2
0527 10
1207 9
1190 8
9153 3
3882 14
0107 2
4651 12
9267 5
9809 15
6967 10
6389 13
8549 9
1133 7
2211 13
5172 5
2364 0
8886 13
9052 1
6310 12
6482 15
4164 4
5535 13
8922 14
9346 7
8116 15
6923 9
5262 8
6600 2
4982 2
3962 15
8728 11
5158 5
2918 11
6493 15
8184 1
5915 4
4517 10
2831 10
6306 12
9190 4
1739 4
9468 9
3639 10
4187 4
3955 15
7321 1
1481 14
1393 12
5410 10
6377 13
1588 0
7467 4
9243 5
0147 3
7872 11
4572 11
4643 11
2950 12
2940 11
3965 15
1839 5
0541 11
2985 12
6990 10
3271 2
4998 2
7375 2
7951 13
3305 3
3498 7
9363 7
4074 2
8399 5
7820 11
4886 0
1099 6
2561 4
1486 14
1776 4
3564 8
1129 7
8525 8
2516 3
7338 1
0038 1
8127 0
2334 15
2535 4
8017 14
7151 13
8318 4
8420 6
9367 7
8737 11
4808 14
0906 3
5808 2
5254 8
8776 12
9648 12
4367 7
5685 15
5303 8
8860 13
5240 7
0421 8
4579 11
2453 2
8622 10
5072 4
3858 13
6499 15
7246 15
5527 12
2938 11
9126 2
5492 12
7247 15
5867 4
1732 4
8526 8
0025 0
5083 4
0799 0
8838 13
0208 4
8438 6
2541 4
8357 5
9356 7
8926 14
9293 5
4173 4
1843 5
9340 7
7527 5
9551 11
5975 5
0404 8
7009 11
9609 11
1597 1
0487 10
8256 2
0709 14
3234 1
0188 4
2697 7
8779 12
7946 13
1792 5
4758 13
7303 1
8913 14
1285 11
6653 3
1140 7
3034 13
6003 6
4895 0
1909 7
3348 4
7540 5
3286 2
7927 12
1568 0
7253 15
3068 14
8917 14
9445 9
8928 14
5270 8
2441 1
3363 4
9590 11
9579 11
9612 11
2942 11
7850 11
6453 15
5812 2
8792 12
2925 11
1566 0
8548 9
7956 13
1837 5
4906 0
6743 5
0974 4
3867 14
4909 0
7225 15
1596 1
5359 9
7446 4
7192 14
9269 5
7604 7
2893 11
0929 3
5885 4
6862 8
5757 1
5442 11
8528 8
7335 1
7983 13
4095 2
8800 12
9372 7
3585 9
5905 4
2702 7
1460 14
5370 10
0271 5
4946 1
3916 15
9026 0
4710 13
4721 13
3070 14
4727 13
7893 12
8353 5
6457 15
0498 10
3169 0
2670 6
7130 13
1364 12
9792 15
9010 0
2204 13
3719 11
1476 14
4633 11
2034 10
3302 3
7740 9
6178 10
9393 8
9095 1
0207 4
4172 4
7153 13
6732 5
0332 6
6853 8
0500 10
2250 13
7212 15
6702 4
8934 14
0334 6
1808 5
4974 2
9068 1
1730 3
9107 2
1599 1
2905 11
5564 13
5416 11
9118 2
6939 9
1949 8
0134 2
0146 3
2971 12
1075 6
9109 2
0960 4
1924 8
0573 11
3799 12
7699 9
3511 7
5495 12
3991 0
1354 11
9818 15
1424 13
5747 1
4917 1
1208 9
5447 11
2780 9
6844 8
5532 12
2388 0
1868 6
6152 9
2432 1
2515 3
3121 15
4318 6
7450 4
9178 3
1747 4
5232 7
8998 0
2987 12
3967 15
6504 0
0436 9
9386 8
2210 13
3055 14
1218 9
1073 6
3168 0
5412 10
0517 10
1042 5
0278 5
3430 5
0538 11
8276 3
1625 1
6409 14
6761 6
0499 10
1318 11
6966 10
8675 11
6748 5
4180 4
2187 12
1952 8
6401 14
7394 2
4143 3
1125 7
9643 12
5200 6
5862 4
1452 13
9016 0
2042 10
2915 11
5520 12
0337 7
0959 4
1216 9
4547 10
5809 2
1978 9
1959 8
6690 4
7428 3
9240 5
7795 10
1267 10
3292 3
1271 10
2536 4
2901 11
7996 13
8637 10
3153 0
7458 4
2125 11
3848 13
1829 5
6749 5
0150 3
6204 10
1030 5
8043 14
4280 6
5797 2
2311 15
6177 10
9650 12
8021 14
3801 13
2909 11
6818 7
3746 11
2305 15
8040 14
7612 7
2443 1
7200 14
5606 14
4242 5
2617 5
4438 8
7288 0
5469 11
7180 14
4102 2
2480 2
9438 9
0344 7
5654 15
5167 5
7731 9
3155 0
4949 1
4319 6
5689 15
5712 0
2509 3
8228 2
4591 11
1323 11
3649 10
4636 11
0806 0
1832 5
6780 6
7771 10
9388 8
0934 3
1252 10
1152 8
8936 14
7041 11
7558 6
0966 4
6422 14
5316 9
8649 10
5716 0
0173 3
7302 1
0384 8
3229 1
9459 9
9655 12
4166 4
2485 2
6036 7
5205 6
9222 4
4218 5
1437 13
3074 14
1586 0
7258 15
3454 6
4378 8
9510 10
4240 5
7534 5
8029 14
4332 7
4204 4
0101 2
8568 9
9669 13
3660 10
0765 15
1003 5
3473 6
9567 11
2264 14
8896 13
4487 9
4876 0
8569 9
1644 1
0171 3
3008 13
9227 4
4027 1
9209 4
1731 4
6573 1
2395 1
4504 9
4714 13
7803 10
3171 0
7294 0
7169 13
4400 8
7948 13
5887 4
